10000
1
2
3
4
608637546
421126075
83286886
787846416
143890034
348747343
571218626
563451930
670094952
914837117
669991380
429389016
249467212
972458958
720198239
433267576
581769321
613608297
41148575
795544712
88409751
242285878
165731083
100961119
575313907
31053223
911989543
3344771
780932289
261516229
787716374
652062886
306710479
627030335
253811739
30349566
855189743
99052378
250819636
253890016
627888192
717389826
599121579
200427521
254751711
182248133
573512147
999745296
958805697
389151679
372305078
655947715
857592372
642661743
208620092
222944509
544401221
4731390
199502980
693415916
609385272
921898636
732395542
934879564
279394472
56972563
75432333
46725730
147358021
419304467
472040185
655351293
308306188
68574555
419498550
991681411
938758489
35196511
890440562
934594497
524150216
619915697
126768642
578544911
147697584
744595492
905501397
679592532
111451559
782698035
845511533
244252555
338788869
826030593
233675147
893102647
348102767
438254345
793943863
134489566
164334280
617585561
329170145
931679279
35117227
697157325
843254213
979969515
567960851
123609446
959419703
402481938
380072393
450038227
841739992
236966145
194249722
128202439
397283115
627245276
669356243
209715444
165435221
317960052
559400508
520077085
532243869
145740002
206604543
607192257
330861953
185407472
605264938
272485024
445409814
709816110
320192578
67157850
238647120
818495500
316766047
696003204
853477357
260522123
23717337
60472384
502380178
854021620
35929176
55190415
131061930
393778090
312580904
602578304
318019334
978431985
539598570
796354559
497653802
929721891
707000974
650887888
677045069
930375951
421196197
409783330
272981041
592652282
335658906
872651331
396651739
860114730
133634666
539604657
738288493
179921113
810549730
410522152
28147654
644658406
513653350
173471672
63363029
646057098
267546888
99804684
410667231
13547514
311278854
99805073
120835948
173660956
245120398
52273878
836274706
476272475
109174315
886935935
463390158
866377396
134987328
847275367
733361900
41699574
350148663
419250178
184294501
987218825
897968357
598424038
70701978
595952876
762581232
318599828
245067442
872141342
982680613
49525270
330626209
572107596
244473022
984078584
692440151
781580579
993021001
681580207
470850612
269737025
720448446
453094390
742894733
960801055
451745315
938194541
801312301
788896599
833511717
793659845
316457296
393051267
467929089
524363768
848682851
530287580
365814506
894798533
472669410
168799108
978974074
781807904
834414017
2235002
513346683
514271696
696809712
309025542
29859176
707191495
193642957
293896608
792766604
82328899
953945766
973990118
514817844
157117165
450046127
48511131
49766360
722804540
388146041
939585185
228188773
397029853
19443440
734463159
561777268
278710079
173772282
90558397
133679677
60324623
81396737
990604076
135666055
59178890
292262516
636028518
223380596
285262785
158428242
145815742
618058870
194529291
158989959
765390559
221099575
141951832
196777448
482069731
900972264
724518278
28910486
923607683
622318723
280346682
102183601
923214045
233336489
374657739
39619491
545613052
886800201
347262392
271131346
587653819
20645502
40069012
127665414
449458989
579616539
19925834
715732857
223770219
720989387
712937945
301134736
506548230
387791601
428866199
587596904
647326922
377739903
182697152
801090887
988493269
175127902
686622986
537865881
399982847
910116800
945928101
71244180
54364001
199422920
476780550
972791956
497509015
770996069
413075144
748898101
39516658
967554982
707558827
661015683
223725100
23224667
597937519
590647938
902066960
464868831
157729216
487365082
897955763
971528862
325501348
768143845
988371247
107850854
981614856
834609921
751425681
509942625
218380921
384569342
218934265
274831937
120252788
38747653
278877066
399873329
146444551
853512339
397852106
867266092
790894247
719150080
810490872
456121868
197743340
499843686
8013978
117955895
636381911
853059210
677884827
810007199
737349177
349539967
812943528
757504925
654709883
361378380
18521722
694190025
373012395
859260845
873282669
604592985
494030083
39501028
598942323
435816959
37842402
849718376
181854370
21739358
219431317
690665345
311527793
356793687
85695175
971667259
925967014
800152277
271162310
963229354
755593189
58786472
77633093
18977060
121257363
397581080
768037681
206156187
573971451
790152069
196188047
647386766
96413386
824425878
323111043
440866854
330192565
402330061
185339840
579327350
733027803
139035514
75725337
47927537
533476003
179048495
204312815
688341872
90541624
831310781
891664655
710719776
865709598
413688553
503575320
158809891
770697830
477783329
873006964
115347397
711571432
838562246
988638205
102908228
144019253
205908118
456739337
104436260
300914375
772282422
187276801
760684562
271561909
39238885
18396323
97092070
200702513
929312636
794577933
589819494
211427715
66385642
93412398
987097887
420561760
839036916
374107443
151750846
457977444
138716268
210492101
663647720
323609717
264648386
312958720
653982168
819956641
655604190
153090724
361169667
84261192
727965825
600677909
391443230
695186925
20754152
625867837
989425215
994391882
448394093
302434991
417369881
897299059
641435941
882539444
252248927
540376218
601656259
91624578
226208928
268263405
768288649
385344989
181576984
645009007
993659814
586784138
17146162
44749565
544002739
374343724
260967392
273501357
476179710
802945053
479410538
100400437
724047264
626431389
922338324
350444349
196198911
22268808
153996094
696785961
428651700
834400277
791573830
304688905
14924807
704173553
417903511
218049167
822543827
807991674
451678170
118613136
613116511
486205799
403649347
883232035
483694300
886330308
154370903
409404982
999728284
665898683
330640964
216974535
230685312
603191965
537609535
695409729
130997591
74821428
160409269
166793899
533042509
302515474
547007033
306751472
545720765
402956392
243017702
555670287
307097148
166267967
926944237
145725045
675294218
963938922
366564549
616461581
221971310
834855905
282150777
766751585
322010164
4382058
737740604
594221993
118538555
570137233
191252758
164129147
217493121
69162609
387087521
176383636
415298712
712922747
163215682
861957398
885367903
195638849
336967608
77437789
108880614
791707099
134543486
347346751
590507294
839596674
989186446
957084561
756439544
249939586
744293435
930813057
671891970
899888370
74785061
29878883
358910595
403182711
69166135
785403482
835526125
14136566
202306936
741351302
101115161
219193538
169243118
822271685
380932548
871200840
627320603
135495012
802168570
204939204
63996495
431111327
528891027
681381300
254924268
516103255
61819578
468362016
498528207
394274013
197579846
404401200
174928882
337509985
674175221
206965703
22187515
753037766
36561105
73706385
420194523
278625249
111474101
465664860
33545772
487365735
743896354
995758849
863378657
790756714
711564826
206411515
645056015
76549887
727706442
808263275
194579235
120529591
608948962
65732491
688047871
9078428
160953791
151949925
678595848
316608509
829067594
937602034
699798021
645060629
303090457
53983577
759169788
55529739
113865202
724591075
515886981
733332645
38258148
440051035
471642781
908415889
667177141
462592680
762901889
551904802
968181156
484095428
343406264
524619698
43560558
688390417
658298182
523706440
128282026
798105773
888451409
887702572
840916525
176654112
297904526
921653261
432838240
620315441
78262147
167345406
405629428
655380215
933491752
445489370
305752914
816307295
369989899
655265888
628711841
927508431
99952219
462971393
498115497
119674486
210557036
130464652
507514053
975941439
992463354
496094325
701288946
22873172
768713636
168303993
157106091
795064540
450924316
155726854
211329276
353521321
762097035
818793832
223865808
441776029
465328839
473577192
254187194
142403178
772179443
548423205
597805525
73812468
334668270
493417573
463740059
724237470
997572293
413199077
686854700
24765711
842515316
919911100
224966676
177883934
240736992
23216486
442913642
622333217
876435224
294919030
170042435
132714073
549607799
673396956
374602585
278333328
846243010
429431828
671608500
229717605
46547341
116904390
888585968
638452122
392073293
524306188
371441610
109428517
80485079
906704612
82826633
72411705
462896984
117529087
713720180
357703825
926058872
393866310
259330662
587464081
411603484
378136505
888444800
913659350
231423979
63874622
399806110
355640983
391384128
487326760
391727214
998310076
123519023
184364227
247212968
277492119
360208612
239964795
896359048
165543594
812660446
344690402
507168494
31523154
502798995
160328440
614144589
955066382
270663249
594732481
655226353
723172760
434318590
601247469
361235976
830048945
10639508
955958441
312514731
703605644
529862073
830668066
33287297
629662915
349390342
204719138
364375206
1706921
237584732
496687757
607480819
707151732
591895876
781117277
490947579
16555156
68401672
898514766
234842338
542142770
235734667
504175911
616022601
41615107
358632864
68743960
337820612
623444335
398327995
28314286
822019678
68262093
892762465
418423830
477589544
865956481
115808712
89556656
48763534
740329717
12882145
454457987
241820731
182458523
510319069
295076815
504771390
533857670
788337006
196364718
204238344
925042056
505549778
20082527
132499655
718944252
610056898
51769857
227124084
356015514
730604863
269332390
960336807
874048120
137009295
445033025
52203053
200051382
165597865
388023474
185370430
385927474
827430556
186404945
266459003
971312860
264751316
947571971
316953830
86584487
378786024
986768024
163122717
323988922
246688151
713889840
703246574
931188018
988217875
264841874
952239010
277063178
695341434
993270331
509610875
650134278
870444183
165823454
195190714
930987474
206727695
117595475
81986281
248523537
823653839
694458217
957030863
458513817
663449249
441649016
191343115
728769659
807974237
778192553
991569501
667600011
517636285
985242941
506783927
142194719
333867741
547670376
184993842
116476135
235742921
946654622
998581755
138795968
302516374
201575116
329410980
766119416
495223003
588928466
940898017
163754227
698434462
572025742
912402485
327278116
532770564
39553423
79359579
789451126
116941575
496074442
634598196
947833248
796340165
355401739
6038337
765232421
719716089
369051904
194212718
707957766
113245304
766327291
616897828
339776381
481300040
63173783
240318697
231771384
646035634
618081550
551771994
219414305
635913794
687876828
165750623
561233218
616873250
444186294
600594388
272781218
13021799
158148714
781636198
574890496
174274436
58720662
242130929
323664696
713954317
970890721
491383256
294999754
293754728
220842124
280522607
922017034
385561018
513198108
302775788
118665276
57737902
251638993
649207761
622855766
62352020
35451480
935072337
880662986
554735471
79937028
97617980
179964080
603500242
890035973
982013375
771929032
884932470
251286511
654840613
201418787
538297183
153939554
487726153
95282728
884384927
139603199
234704551
45309371
317082237
570713354
234085248
321893173
660091667
506350024
370421819
157415669
409210250
379710431
765198565
400831746
732945724
533841302
575591025
61781764
123620656
806187418
243289814
370124524
664209242
746036115
23999561
457640530
914674100
879004270
585711015
651127493
62468861
211055339
505762089
611717431
533677159
734366551
684675361
382914900
878940510
390850996
883332038
119851497
495745847
351263998
207568043
936645604
365764063
910444374
703138303
279726113
671842044
248854639
703823930
996349014
78160014
420820260
631675781
972879501
979663551
616755096
113623375
302476568
109151231
284481365
971973083
196972614
209207851
666340107
115778618
492129221
411977424
898209919
720435952
489577520
31417587
467002830
325830516
307528820
553534202
976196762
549952696
511551317
652417120
719277518
596258167
996459413
752536077
773383045
781169001
991451017
484629691
768071452
851676874
755165543
35649736
212922016
867138658
179477161
740108211
585292866
825875067
961424436
175529364
529563932
725570566
482118613
196536415
493013165
760254270
136600087
380974486
356714315
518127106
295331466
979029740
528971791
886196571
840633909
564527141
552970162
162160723
417766621
965223218
381187486
168844362
396385051
433441536
66503732
696811646
954012891
351152368
197550141
751991653
674213996
955116870
620430899
262327870
11145554
189180445
729324843
462608136
362997769
213750904
565289832
792511742
235941565
899148496
304639284
591165570
968729151
81010395
14112785
655384031
263983651
584472026
281769043
986571483
94592905
210363252
267754139
157553167
634534588
84208443
571732852
63813134
951353352
844884086
626845086
197637875
219577202
285410036
130876925
460300270
724659993
921621501
521048361
287573736
705805686
41402898
450409665
156390876
167131262
620423144
782903325
86205131
422211628
383319484
610821912
908162280
383129687
406590429
299248771
514374445
1656860
824785560
472859664
549460185
35685406
916722249
525161357
389464650
786672878
140792946
59789463
373319792
509117673
306855028
164628445
520463399
395484788
201638159
519150509
853963636
424330993
547953236
626816045
218808236
449323112
559426569
863956155
774193439
609429829
451474151
49488830
529423803
139957568
237050742
418835913
601783018
10175874
18881316
32359862
437152407
967797014
656524999
569195593
56380410
95127157
690121221
654233445
801299276
377474495
224474433
461163365
744633952
239029913
851578174
617711248
344601336
221772676
252759288
78350880
762640939
993426666
219284013
283179937
481203424
850911757
708776773
473894361
163843813
940184146
717324811
22763344
509297805
187881599
107684212
107749987
733956601
104815085
871800760
525573189
991639488
85750473
391278420
297965264
455057805
47065119
202501046
601684660
304946995
880801414
803346759
157502883
390191737
53517643
827235606
856875733
180169958
162157595
41141876
275645585
493220400
37530120
622593119
297587861
239658819
374908455
496399146
173699971
662982796
2971144
66481001
377147728
287454192
550708488
222580386
585832841
445704373
951066107
577306635
356232458
272193432
357601935
251846837
866425731
384499216
940212397
478384265
377390677
93673284
596247872
927031914
11643210
265153816
501205770
558248912
32233364
25404317
603187755
768843258
411447210
498377825
458269792
992297272
653846604
567483205
203936195
144759029
754572725
533852495
6938494
139051903
256009684
30141586
880476067
778390093
628774374
285599268
979069960
183088943
99233607
467343259
206564925
615627079
356579172
600317769
555979026
415647088
223381228
865982735
433985859
702896927
543917866
705516246
800603302
498571788
12288342
857000320
721972307
246548895
899255365
541165191
358053980
767547636
526757935
685538908
933385623
507267887
941104459
886070058
65672303
618963985
864042279
987194550
680495746
294408105
318341990
210957854
884394050
159167636
480284646
997345946
526270100
863643368
681402866
648800250
284310471
334541779
286126902
893268079
983656553
681081784
331520044
502073268
853399241
36548239
429432902
695985548
137684666
438408651
979494447
598169025
716103157
410312214
773683318
663192226
127828262
291197945
184550373
839239406
461664160
386999211
285057190
651438631
231546816
338836068
36457988
67252712
343941026
195225022
614730018
144020735
878512325
447657563
66881865
274735121
121634314
765679746
241133905
469229924
442020983
527273261
304169874
475159712
627026226
635484907
962801008
547559641
593979321
706335931
157312020
424357540
318683789
643890438
88889506
984627248
756449095
102051155
315207860
92533385
52411804
753708132
570291832
980485880
428839849
330983721
75965729
81468718
572811552
484752968
551073947
779956236
119194887
901765457
471130475
505648683
976465031
721643723
819334682
984299826
236648285
68550967
641191280
658639245
916376289
517837970
597499497
172775363
432909523
626175966
99578340
77782640
118556783
745743683
546756272
3417557
439000045
427228521
946003447
992092489
393387660
962104703
98881318
37566799
797600900
655150187
312479224
475139681
608187682
605821311
296015754
821627385
332091444
163003940
447737295
13075761
609660720
975286493
911367442
936340378
527468290
486353711
13208680
229860766
710905179
603039861
800242085
535422135
596995550
954985792
426557956
736176454
337642937
228392508
976656756
539508653
610886548
713703576
629105586
235199434
196527932
439661196
882958539
448229307
383531840
19894390
592964255
432368044
490774308
710121538
780283639
308096542
708782177
950749778
964084013
487544709
166796
490152661
65179104
167543721
944733026
942261268
521438853
964670380
141075388
943212911
920229122
604976308
66124473
757576345
480910366
140473292
710874293
799271113
145509878
929233247
337767076
556469940
352203556
493608004
192227822
715554459
945310363
56240285
913457011
849871322
212654134
764658632
189918042
127765597
971342700
638501554
393608345
780797049
696386397
366574045
298106948
281542342
792261993
156911158
286754634
557159174
331168995
288091278
706468321
221055710
833044406
901537660
435037631
857113818
500605761
881068065
11040419
818997534
684251446
156979630
622320608
27512099
593018519
425974189
523094040
282216467
262912260
330865749
66860922
946860722
266229751
252239047
295470587
893061599
66257014
721264245
134650083
403636907
287180218
666751808
442302085
781375362
436077323
701341092
324284472
63534960
235167882
603351331
169527565
162839501
854434266
765956979
261637287
755499903
439194088
109033560
204478528
670670301
606865703
75077305
723709838
830056802
752280075
116376386
369630526
953363192
90443078
992458713
842299352
885757376
171139844
84656126
555715917
447142967
457158908
435613430
445741290
766843460
811613754
803523174
391101025
22987250
95868687
427097507
458801450
44416611
246557793
102112853
590713125
675188351
465394997
565767154
134547353
705890247
56208893
869403818
605941943
880400854
745441681
259059938
391526714
849733047
373340115
55842824
719748431
367256328
160686248
892864664
642682460
113954964
527322737
779259262
764298650
504144425
761344290
810004671
23425625
833995785
911100296
510893366
683329226
468094359
442532878
114215149
543809030
630766469
559327430
535297500
147008632
151324559
567633947
680699146
482588968
758409641
323593991
371024611
558033292
873149157
698259004
264720815
942790500
73575933
185648643
279661917
349038451
601781529
490648146
730041553
429992099
93501053
232120388
842072565
23210716
435352199
782144225
826278100
82107255
96504948
200988886
153960465
185521168
326301229
1520073
720768242
728939292
107619178
936402122
598529783
770486555
585998066
811204593
227975181
568122011
257822143
867928612
737356910
968775271
169551066
934252330
78987340
532970829
926883481
274879621
505737046
500632113
476119401
139283502
177058217
288516131
380176406
740527272
797829278
136595435
563713921
93246547
886572632
457752182
47226731
601375063
587919318
132513310
865550656
144601890
753329293
144708834
565869741
76879973
579200273
719135474
856310782
122890042
753213896
462280591
927369396
599642008
798605725
736805336
645567455
311039173
228734591
812631089
201717313
519865989
714181629
117272383
169830258
791867074
355617588
387994294
590518569
311359354
53766429
293130270
672011928
595226898
239930155
877731342
527602691
932101291
88278648
98960066
276128042
621668077
432689384
77241663
44620903
703596090
850445940
97772193
23653119
579826071
146373196
77711677
923161890
159259901
133930533
318607092
126415511
695844308
555840232
614342395
220872172
635294040
131876803
102708740
563420530
664311788
435566565
677192910
311042721
36833735
457836022
479116876
322714314
509853483
127546904
772934788
128119006
27632196
956665776
569619053
867569197
974317084
58288682
326131492
518017674
333999603
433465068
10047597
983698609
156237244
168854497
22564967
535021415
442784269
550371094
351181928
393341997
467886530
939831810
132182842
587631550
393082392
81238355
965933630
915580218
238969334
795139888
372396045
327446851
115312217
749273823
257270618
144881935
744266724
464153756
260034136
829453020
110000108
973305211
736888789
647267533
211545297
72315932
879918041
102064222
777404689
950087312
977164864
242001827
221602282
54703990
877273631
169336880
189689121
30422289
526573589
973911246
292190618
775565208
387171103
439306202
32421979
931992321
343701386
145796879
517640528
995397242
139722766
277104268
827206516
970251447
495132489
170663419
811456830
55593696
415967204
36734551
200027878
702445029
235719029
627312046
954827238
370526101
243839424
560164849
768306796
158946578
792447507
560959652
566362779
987880420
408090225
517830845
66145074
330511459
801038986
990537514
277471408
459751851
894218717
112849598
737251802
280703341
458558508
354161682
453054847
317097462
312416777
396130148
841787355
369031580
169066388
688182999
234104998
805245463
833165296
645112239
765249139
553345
793174981
104800568
984029414
737046193
253483563
91351455
1020156
756815102
796600078
271767698
649112341
33265065
5443177
430747882
300775292
286094384
40739631
506295799
226275358
295048645
380291058
726280160
161476927
61050106
60645105
695115454
494333205
752414655
166886639
226606328
710631292
299709201
393845663
794294684
444700162
809714538
244202841
167891852
145083464
25540065
14372530
474482692
7084466
523090577
275617659
233682081
662841849
272633671
73278105
3337665
530201898
180788890
190846899
76767938
909876668
242235383
193705936
837271628
470159760
650670388
682038652
919062877
534455237
937393293
107774148
80052227
427338028
377326148
112322024
384017324
527821185
793495753
219077424
775784383
797605702
57593143
580409693
7474192
881464901
634581842
248516843
717405338
192676046
257036861
279114501
995022396
724773963
49002141
598434148
790211140
990287159
610209658
567582458
201980402
516851055
990719307
201628780
758182115
649656636
946981083
157762474
800746226
111444483
348289802
548526463
503776521
439279628
248432390
704875579
162264120
929104600
795831480
225911310
984665706
565272601
273096579
254993142
746874430
117693822
701846509
212972968
256609465
109629271
989385795
279229594
660977881
854458890
503976615
990205158
963964903
675495698
961289337
212084100
306287604
149744730
546657614
843658315
491451283
694216556
392932963
964655886
768665712
680061371
140743494
172351614
556262365
47311394
817143952
190596292
104491938
660143337
702809939
152137899
476845072
413264850
814242861
1146402
365914378
157714322
373605308
208564965
754293211
85119615
600685010
21827623
115633995
988070144
107065740
209523889
129770079
287510423
348090823
132282414
945679677
470165169
934574034
841762083
326979526
258354134
655905880
264213619
126638125
792053556
64103653
216542531
544372066
893446778
541977793
453796168
493829179
843749421
912057191
335512621
429800288
712968660
146877680
152119080
773687053
238795997
424918682
728722263
828029101
53493343
653220712
675772988
725000258
688913201
42395824
434557200
594944882
25165872
995617118
994707644
921182383
454553957
656915652
2142370
232893357
812700349
681203720
786602636
783311090
128817718
744539457
999178492
125616116
775583270
546855966
22098347
553491851
521645223
439324526
981937590
193343653
902842414
690458528
4810835
513141611
388782343
573989077
249726036
179557346
111057935
27427112
829499331
232819427
361199118
649680947
402021534
214162554
404513006
713618454
497545577
115847906
617894245
723033793
38965697
319219549
516201332
349410474
551683057
459478343
216948694
268589989
79146440
324722255
856460012
136019177
608294377
468329794
684276639
717090369
770935120
3030247
237111852
440275934
387900189
25365709
746265493
954446693
310793195
291357939
68613453
292628702
714586305
41575960
311352339
289268631
43293592
500403087
33984379
485556420
248766487
666811871
320810105
196460540
661093081
743222073
252654871
181103305
903622324
161298726
915376335
219730091
781307648
558716132
552910777
256715652
647602127
105600008
281862174
95019916
528371240
389895305
597012850
98706516
516657575
308874682
84516814
934731327
4421592
915137565
682634723
175217585
12361447
282617126
55753229
830434772
438918244
938692496
668803056
702758952
263551252
413681022
547302692
979342498
281508430
948198261
607545639
353823875
319248566
922722259
988073045
811104283
564080076
173640734
728264906
83927898
137069959
648788717
134442425
856863839
140781028
52799518
906378038
802715091
682333548
742448064
142583901
707654921
264579226
177745340
899658696
226151820
339823614
758076164
377579581
840126851
111371693
987647504
203345577
915277758
860535972
133719873
728559096
798887710
70575391
582808591
416994071
712390422
25216497
32421077
333167136
158359121
683955261
796826031
874890202
730708120
391548510
335458108
659956233
311084118
948599326
628316341
277854775
268573179
76716232
689595784
422220644
563692481
263441839
139698870
916305951
955011395
155429251
648492936
796539797
421101621
984692754
68122782
5290719
503834831
569796044
537668882
608361347
944480497
63176023
848149735
398364174
861247143
968687537
111382526
690740157
275775296
798254811
499548155
399839224
155317880
535164295
425490271
860780619
332994446
227757129
955155664
642443986
49909833
995435800
311157011
922538979
685747011
698853205
61321587
186303992
577068644
100483757
252681251
821724176
984924466
251544800
694197544
91594757
349434477
899051440
170161545
110781714
63761627
217624762
450671705
626730538
39575444
441489997
237683586
452016179
612013729
78888400
142708309
71704891
654958683
903444573
17064091
486129828
403672783
332055983
41965473
42584315
402140671
311025506
223554567
294552806
377383714
790452464
505931216
354371487
142606242
541260884
337492085
536745117
704772505
383386218
570009795
198186159
437569388
862683227
961229491
977245311
438493689
528061078
859638755
176881771
719332216
879283633
449115442
86876017
733447120
533520702
34290122
849241218
135661447
554546190
21000975
648296526
223214952
632575204
324850085
283490348
45391737
16661205
740783887
68839249
66980025
685663073
443395909
364775003
457927489
629628020
499647234
80475524
344090632
838200784
843208283
375123157
351891337
566139275
510267201
366535197
942692253
65466244
764145160
175037568
260882222
704372413
142153073
883803665
350598092
113106393
259210231
548112401
61300314
792992273
685239182
58487326
744281908
644591864
941516923
413119126
191309376
19418867
446956391
196654260
782190473
744493284
391729278
862535480
829128380
187525409
139734328
694378285
385268311
89597895
88948121
805743320
981205655
427280424
279221609
329927997
186704754
118607936
793127560
350153629
857028299
731994358
921558056
947302846
310089822
797013433
131651520
874362064
106739556
609715598
986950479
748154674
729202021
126521054
123167398
786308541
189900228
634595871
827479959
700524330
485779463
158305507
593599343
297348997
241922589
168292289
172267673
333457975
723871928
207595448
485391973
525691502
883838887
126248187
114957948
698724709
90227205
603560681
751324233
567203156
868485033
405720491
811277577
813243692
188966317
261180156
544125304
219145917
918570749
542541952
904787213
648610950
675621106
650775
712530477
590584348
148696470
12719332
565078884
332895521
74444815
740793959
904264951
584949219
771733080
716740911
20240815
601372689
172110167
201665543
777290104
773955368
669556044
296923047
114317298
877611052
61849409
418301431
739842371
739551104
912571506
546565139
211123709
488568044
542895580
845936729
546704519
409145064
702329671
800848022
679682430
340665692
163594242
713889311
108674629
685022890
820662506
38785286
396680706
527212998
322041775
571456977
562098105
703640743
165349686
18026906
949011250
7917346
13829006
795504145
315666116
898480249
729104655
421158995
232412111
927485024
447417613
875009873
560026981
626019690
850647812
930303624
68219671
524944141
650617520
74134485
35585032
84598588
717439553
542970233
719919061
629332767
157502586
600766576
162822572
532152498
851018730
291416273
38524074
357763896
625684472
29608063
460326963
917138747
514077857
711780214
729196758
397194123
884081261
318877952
480691134
146835349
158565749
237814103
245186179
528155594
281355780
992699686
22690845
222036251
168979230
748791814
524458104
965084196
942180041
773138918
10962686
380343356
357880136
443708578
178556918
511141560
178554063
955830289
637129195
706729751
237544126
61142263
145153249
946209024
21217068
74645631
88000491
387835612
744999223
179423014
727680704
491563052
953092834
91886267
214468084
240813488
99580087
471685530
864160177
285974827
599797589
540055704
128735617
570005119
322549040
616509749
26580823
36495291
866953963
147776899
892370300
697424905
165740539
808953174
403300482
138888702
888804109
670718622
905892707
7433065
728642572
137543160
760852567
96533170
974805799
841689286
599677758
203189376
57087203
607592366
934527951
75230623
135349367
48604629
653633686
568590369
731918479
713466678
450750189
300765560
130511437
485802972
998394191
416691040
961494835
945691083
905602854
579598342
926317716
41028904
829891541
551245973
691634744
864620853
797024330
478991726
457813595
497112513
825424097
684134339
292449275
598257349
207069127
366278722
196931154
721325736
747656364
266349666
739857591
231652628
360320080
388615926
435316306
239895202
171615216
468622284
773195595
793926247
735769472
286469741
404596721
975743115
867291755
881935894
469671885
871378921
273989721
770513812
426583536
362345242
870816086
731899764
512571218
613500036
516293977
275043841
338562875
787754444
24733274
410386648
394085522
706725958
573940303
619207679
701548746
419951764
987008922
633890198
668844351
355788386
927124444
561885606
20244276
343707365
603104244
908767014
976115629
62994535
314374107
521410832
591791976
723463113
869952115
759842771
660690767
261359049
990691761
149396238
631167494
329434202
707989793
86569297
229439285
638556105
58070475
926615971
110131830
495099620
465648285
467800730
632927759
639915142
712930789
261831989
491821354
56861138
291805489
47391465
610932500
693786158
285148599
359716188
491747149
207806773
84315129
73010035
103943044
238683568
78308334
532152860
840860056
850538606
32482296
851358551
780882740
306146422
857011843
100233624
45748508
811885353
981583058
632407606
258846480
846770501
13372190
58076306
510207961
835621652
435599139
714388815
86803330
651505609
102846963
246631802
223519799
878040563
319800350
992626852
448969974
286040225
315680040
495084173
337056403
384942187
621363625
82222245
75843737
717579781
170911156
195002966
776179847
535505505
523496794
244039011
778030540
529237256
925378916
691162739
779271755
435033646
255559570
792787104
45330510
268210626
459032889
407658232
436587439
795550142
101928749
941716927
135739437
823331415
76812745
373829495
461711630
503613757
363204998
604211887
186455417
261296818
719364463
482343472
86246276
11098254
583903100
740125595
518389373
212660506
797637853
549228769
979595146
409103905
910725642
777151252
624143375
750646233
765353853
549506172
607176836
890772657
865569871
306887327
517933267
390737974
17351325
97986910
352331564
297339975
180282933
143735967
533101594
655765611
819941951
883746988
867104975
476904800
410321043
292763034
679455401
642973643
940327396
820829114
519464183
657060422
721615536
10329140
164848618
733441651
705685225
31055526
930890360
299345562
411090898
766419607
101526961
341197096
757246612
988899748
607449057
885562824
348047525
740020752
996205195
103307724
678928465
714485842
553256450
251060666
133597443
608916378
242506507
179141443
586004260
564296972
985623130
902716055
736535878
901454893
839103353
914657408
82058926
111776176
973990646
67951052
257412080
464970523
551449277
516320053
447147540
590807625
111011553
448379497
484152879
889199399
177511082
318389364
341103599
137717287
367899369
771498730
840520552
558729897
824063876
723088972
388870283
576064356
973481852
475581001
524697516
650663916
298173125
900136208
229344822
572824899
290393731
875921345
437505036
300353965
3785758
749501605
319333530
164569355
779910893
546108109
795497015
921144392
289036283
991403821
393002880
962192957
430232326
817439063
875424587
224793731
269796064
625543855
842577671
558833769
395661526
275556140
138120041
917068762
998042913
432670327
258309385
493121179
415046449
381253051
112969261
130322894
752920398
727132642
963548452
242003766
863003642
732197176
301362389
758693997
415222207
815435937
934328444
529631806
247696791
5311501
492808340
292154259
855774097
214378129
416431579
39622152
982198423
642937889
7780080
514661656
715048799
184005244
654621801
86012535
262684174
166164955
981438831
301111039
319098225
46497604
616505472
884321571
237497498
399127637
678280139
104009625
382786515
384013263
243861742
713798951
548525218
613429242
547933463
176854481
358785069
684205557
44035305
271051262
155307663
505298725
301926372
976492184
130059893
467480816
546774085
635993964
376422742
487440645
24203236
26734844
378562510
189248966
312216910
544576842
705022647
201317569
920720282
47521443
579533001
750952409
214826300
694771975
948758442
377029533
134441904
467834004
261286239
433422657
656842348
679515895
895545835
152435729
996876022
705869876
499789867
318133931
510919769
697024946
634764582
896112803
770871007
286989295
728275109
98484181
461423245
606784580
393154903
910457864
308586935
516440085
347545674
385247122
730786712
98328228
745282115
660527964
984792199
960416676
486486997
111670487
190213917
461194199
752954117
6048019
532527136
470307783
569189146
58811650
702324029
347450148
963211947
604343396
91915027
597850946
603836531
858004311
284833085
561955573
750926206
363787191
158504840
92234220
712244652
544210317
628671514
861766290
578548344
522963427
292797833
53999514
110861283
173715401
580534810
998800464
136547917
343448750
360211393
336002579
148174633
524136577
857564259
552459361
339240080
22018600
173862739
762843163
887688341
192938464
453826365
656944070
752328075
1428129
927876958
75968556
661110019
587946119
792592449
566796442
652941780
659836706
263494644
424256010
353345498
823699363
974827789
909482330
249811587
81347971
272918292
239494329
248165630
660722596
985153597
277130194
224868818
848284122
27270742
732999562
610956388
320532630
521344330
361653923
302556865
139830257
433988468
763500808
972810325
970476949
267541245
654511718
187951369
719528713
280780400
983094825
495975704
999204966
642347372
948340093
315349303
746261726
679612217
816311721
263625857
642200493
830014186
110919865
561396800
402016236
807936123
738596034
931810369
809234181
835897342
521433062
579514378
257025184
778673759
68605915
554248213
759724488
150849772
662490624
304139357
139585166
47378943
67644090
787367813
574682687
67357408
797790104
82430199
394474733
115889234
500307610
265419921
924764636
588881723
814733177
299139500
658362250
924284994
389423632
52058326
583305697
35952373
702817778
191345886
854081206
442575705
277526502
121350326
183108257
95317161
595187668
471313380
141821940
353468097
774935952
951535810
144622490
626486075
142544131
421261496
640971382
96979743
546318847
644454085
713688105
394472503
45729907
166924547
799075927
44482285
481869546
614427884
637459170
694262711
691804580
973308841
685318189
371620380
106943027
831474580
571853426
103131250
438728897
379724312
829061245
354662284
49428914
955516038
474128009
879491135
328207921
93802016
199875172
611515921
995689209
165039931
86877699
873038275
355101423
982030616
543915811
736759504
127950588
831903527
659355915
844501442
933269721
734475469
974805938
636824660
819904920
286268349
935396698
226545501
790134452
644970964
453950022
167253927
244609973
199976390
903843418
921556074
205431817
178983758
163302601
364178938
204935774
76585522
830536070
309599854
445124538
306045337
452550116
52005529
152775698
108142222
184331417
167574300
664708843
517203261
984047010
273610609
258839789
501963918
169339325
327111574
47213788
840565132
366578682
795408925
524032054
747793900
770088893
422606086
360582922
835978595
567118333
282955623
295119369
138365763
822341261
89957927
354840176
352924641
210437493
156927205
860749656
268925666
360747151
303788295
978575721
682909598
191848786
640418245
866248148
883420083
44786628
521350706
96992551
641460611
119755079
327026773
297444970
765547694
122423522
277630335
54090876
180179135
847494406
159627643
383905037
430451356
537874085
257661071
37258080
208940529
489440003
585061755
87420690
501486266
952646311
212949862
236682133
486524711
647846181
819554177
672756963
550167052
187843083
452847890
475916562
986088879
570673559
964716728
408072138
598445212
614877163
855756094
362626899
887230079
669251069
632555486
703016563
50479903
175924727
33767329
987093467
521844438
903321777
848129313
130509240
809313461
54610034
773736317
262391710
227960294
883876991
504465447
361171681
699555966
776430126
635751416
109955343
946759408
336533428
83366933
731903130
242880404
949459967
978002072
202184327
616356239
213459765
128843631
395789555
334816398
775647896
818193649
231319265
762050764
374646531
340872795
234914973
229124340
156769116
26051103
317376353
185429790
126509332
707874259
463614723
565770782
943332570
118059990
394582453
512361250
145200699
917024352
97636820
172620792
647148952
610792031
470526511
147358676
775610137
328891056
256379820
535524034
192980840
183391933
628264456
277960898
454968951
426751000
650985496
958739874
402682911
750893358
478938225
732850548
767280928
268992135
863159016
687502448
690837641
982374253
396773567
40078993
486449231
59477636
185629043
120129292
785802250
259791306
193580423
425966697
833025508
724404963
778783047
436278641
824200039
876326380
335429596
384071695
188360604
148517255
500906805
645637356
641311456
807560092
954439751
526365100
611729011
366360084
313680270
380384761
251246505
22461015
642337521
268430433
607617857
151661111
576335379
202902232
47380431
869647375
219273344
114894251
258490300
580293500
913614873
404160590
248131991
639469300
616235238
312560122
20004939
765186367
156289240
279223406
535642811
581877383
655176818
926768000
763232393
101271067
351791505
806181919
932905975
547106024
591944859
681590056
847743723
772197336
8074039
987657197
766104424
13822358
124860619
661115947
716766127
526830855
778760381
411051584
665045424
399391765
727981844
526309500
754928718
65762825
190904546
758767123
106999818
278544089
447266534
491011413
968252091
411557948
19119099
408016777
226791289
591959811
89921053
905407655
574270115
457401433
586195864
158871202
98495677
543560259
383443350
139991862
733706564
330962799
639949012
251474327
986787485
435542640
203724371
371106853
217525571
39466477
901264502
387075494
543909227
221653701
234656792
890640307
604009648
633303781
525604191
409577146
158972536
864099002
13000676
380535955
595245378
947521141
268616818
569358080
441844707
159649026
292472630
287869908
150856000
7691269
286100089
759796530
745091234
809246612
738270411
732360969
131018393
374348023
765588528
508250076
945966484
760528073
256855608
606923349
209283715
648549966
178217326
456172686
81562211
524450197
871605062
792319482
429018617
555789376
207550611
436715061
709932804
112513998
7559282
103902834
516035427
572111621
518908539
172830192
996472523
225131350
992674306
283016560
361163834
40186622
241102740
113671085
662438954
845361969
968692635
748347898
618833992
616077156
983127363
799299494
65475545
447326776
869085592
967897677
25901769
74335498
32328555
573292103
710857311
346180869
214069887
126475502
882278190
132284407
905801130
876259460
350989599
133214016
30190181
287852877
246016810
682505399
967328431
620897089
564141421
581341373
712987708
227131430
962635867
821600925
27484126
108628525
57563862
296172447
214383515
245048173
191533675
211984289
155854167
124017375
184207754
60765862
183745978
892333795
380683029
71792763
186882963
168015187
594322323
261590717
842055138
931617901
628343008
335946452
151648329
280745517
671654730
94102322
663992043
144369337
199718508
269093461
661588823
893119233
413740912
598054330
485717016
286729417
353728693
765642148
315103714
491828234
371190855
864754822
16980882
93730771
145843367
850955005
355018960
137747613
549705177
405904020
788743607
23621840
689845656
224445867
555667617
798703599
383201663
117369219
681886867
138852160
123780266
214638915
207138846
101788245
622620230
809658504
114520158
850822875
821157798
428074973
452828980
992574870
325850998
174731106
67488606
613604741
154763157
501118460
786045374
490037674
94640290
649600179
92411004
967728837
795253122
77893613
381565946
653368142
936701531
410433532
341210406
247946838
211287713
492928574
976716350
694271849
735071775
104463809
330216496
290633386
400325550
40128605
357244086
334478870
632386151
351007687
971294191
968386249
637488233
81754694
840954189
711996246
605416966
61742603
852665371
650616439
928101434
873429063
419027787
985544293
702205591
768519539
976381878
795909762
218149038
342612059
248064079
267460953
380010998
201182125
480761127
463477187
528894014
972420237
200743532
223151809
410159866
377039174
135697974
864850881
459333155
110768010
745794332
707408405
340103327
418262914
257410635
250222965
238867835
230745307
77076112
879958393
542255849
770251484
833086548
777775325
694151797
739105891
97335569
25621918
65779078
938058220
405964461
230498371
224358691
315768353
396509046
116683200
373027911
280051610
404379385
992570113
476022150
905071055
213031471
313706598
678165549
138088441
428862186
453006087
597438634
820849081
940023066
530906208
706740094
633891509
401184172
331227546
894390472
142395708
840135436
875170297
801970445
247683663
403881993
233248155
531890175
405283811
253359920
480744617
187308008
725510746
341529163
427015230
760266638
700680242
841129872
930281911
852404981
289341549
234201303
678410795
922439999
988863961
395819467
407031571
713111939
360481034
634847061
681556874
559505776
891855626
853386018
189295733
725223276
224192561
177767915
604351394
568874209
867650690
143381496
791239681
562050059
839656556
146644391
810165121
523494583
653282924
345020520
891174663
429932005
642684875
156479863
358475511
680245530
789949479
505277066
451450899
177117586
169846579
372958586
153777177
245214346
794269762
84600946
226721664
525849590
868694554
114648229
725892370
387322533
712770821
282418085
787850861
208133635
836054242
818074176
696787192
557600385
54148892
950045514
404132382
399562884
265164134
126118085
89600288
534579611
823629225
900882075
341048703
627909121
141753484
180967660
804928190
446718943
685842404
273413900
517851003
943673325
322691511
475660935
50469594
262381635
350123439
243709314
23650704
871036873
528903606
798892401
972529007
348880844
536731864
92304603
122626279
518673885
557303434
778806355
439707615
256725795
746300379
49432051
58076956
485087389
547549439
374432987
432234687
88414120
30251480
804396198
609765045
888491049
494396972
176864058
934242738
821457235
216184641
636153936
796657598
870481690
666867893
479268741
513438873
169982744
613989708
462584947
24162960
623824229
205223704
90813790
723619752
133640482
542302933
175246724
904160533
456742819
396311109
352569318
947752877
16394489
299106461
927748148
751110056
717826503
675363536
814416537
975728765
259502090
595064271
312119032
199481690
331047553
761156804
461921350
981353993
721101761
201835422
925693744
311299369
547810962
913300672
294228502
142547172
277727040
305439864
753662392
805312819
260948475
29988503
880966123
741794771
999710098
290223150
467739536
386355562
253806333
856088402
860520150
117923541
795029624
896372968
754775181
880773376
809180
407074204
726197692
476696156
674003813
920088955
629952561
977223721
973799567
713272427
639010808
347836237
553401023
633807910
772795542
195325479
446085638
475541327
57590272
814831703
77309810
180494618
810088363
177864031
116715791
943108769
149983855
202751194
547410583
686549431
39498240
255067734
178042487
911728058
547810698
238241713
3536666
457048272
605457187
77337557
216793270
135238992
668654291
121028166
401680462
308895998
698262145
562222974
287825534
209124351
727686936
748449206
932057591
483529103
938206329
22308269
516457910
322282306
293522085
414612393
130932692
38926113
198099210
53274945
435979942
13343101
219033911
293924444
541350037
569925840
318862134
276626662
972172266
288142782
136383317
191990501
571862062
206771909
276987900
877904459
767714787
660445455
767810569
868199278
419091584
547867251
462031961
832410032
247844481
795987072
689406212
339169976
281987093
28688352
599836229
412687736
225312691
148907679
843325199
503136296
150092046
275371593
389420021
675186745
462516698
239592196
829632154
273335622
83651379
570722075
945860454
572593096
97553073
493633442
167820796
403113982
255887566
906817476
140212106
874193225
730400298
561759704
277828067
775185631
105234921
455743558
107983881
222415154
982642012
848671666
353076649
361275215
911326141
866575439
994725553
323787830
590660112
585241454
463792278
833358369
707916597
904302688
732643735
607429869
72094238
711445304
912317481
541319961
387879936
17789092
747084984
19768967
905229116
200585676
565619037
447642141
5814535
651463577
379066963
94514098
169409100
801281883
128183279
82499787
166378971
579776679
31077728
193711550
225561970
174396166
155169867
723456092
747931049
304651527
828877533
92603548
12545747
554147220
170793534
29343505
594468107
196059867
897168162
601398921
25881558
188908415
17096047
172701130
934733756
423124576
31396466
70350582
673701736
842233257
17534099
623280424
921861043
205525232
37053273
889026361
537756342
218662546
306429634
23647207
668486200
32916783
212587378
940893375
579069583
157717036
624628635
463967101
223670628
455395421
987933994
447079260
883508472
456930230
938492609
201891139
704229485
260524910
190644023
1851783
193236716
705166604
507623263
374060582
222185780
650280494
514170904
488932185
283202330
482722102
778981442
179317676
468659388
754757168
127424040
119766418
900907717
16178450
192644591
264115868
935299470
564741454
991857286
179962929
709545518
694691332
674489003
811738223
134726170
765322063
789271631
898159567
881678274
66746876
108845680
610933009
897418690
328745715
274435492
538152756
85630049
101953648
97541093
527019777
98361292
6722057
706043552
733323104
9035951
219624792
81948837
106414576
563051446
255656664
174198450
593281716
743483739
948881239
102493333
491720643
857407817
648575457
437498024
959520898
846122409
585070677
396360166
519798420
561181428
799367071
360443821
226285147
866850424
304975586
736196431
344370555
379032822
523731090
220584496
44681136
772427013
871497668
774961954
914865262
776481999
554434501
814098746
549753680
571364306
43513099
156733331
732011735
596447796
922537597
497089226
630983038
662806056
752506915
738083588
109440603
739661259
517794460
182490236
876007433
276296290
285374119
560604042
293372821
257443175
610474281
521927433
50279506
984497070
812623361
287038737
267190182
927809262
87356230
362462520
479054642
715275730
187857883
908998508
528295126
470430789
399350838
927933568
473892578
4065182
131776286
507799455
801571326
289414439
631843107
663838488
974234043
658630258
846539925
734728103
890369640
333352366
182753146
330167374
315606456
701155821
388665473
535257123
917357247
971861357
429017449
650296611
532277194
933265094
683202211
487930033
936918358
261387824
851067458
424658968
369522539
821026386
500524597
52869793
594173437
589362686
581593918
117769335
30468203
687811455
956677030
258347933
608692394
197654823
716659129
711368349
849109416
773434380
612437189
192321958
822937663
272364872
485532356
65806904
663399573
459296022
109297310
221526223
773786049
627407253
735474657
28820900
462883758
657318386
308000224
400412642
759342721
559752592
336668980
434908018
908210987
638436423
601802058
280994189
565918117
615174327
935841397
492032445
243582165
403843563
949922116
452084768
956115337
718804594
603670382
174816699
85591882
981343135
118269305
198124897
170913216
284547656
140423252
583209518
650155271
426499739
167486620
897064367
132954103
975582066
666390467
778761694
687301867
698377270
100296499
345210633
247912770
631625854
969341330
95304954
242296865
558550955
865827820
588360321
498813054
590842920
105640115
609769087
348476776
35842088
815664734
907513993
589619913
272882459
550681091
342394062
226304378
378823454
238691920
606518336
128045496
651049599
672812023
132876178
655761008
169305833
461951475
322324253
325327945
209536078
662047910
52472302
378172726
286028690
326604455
723001710
272343389
60459320
580499330
601541470
891681206
529805702
298511405
551143273
113834915
45190772
835903028
760943355
247594482
179465562
470802865
909356420
160705007
9477144
150731061
567779986
395341164
340016969
491543542
709709186
493089377
503899076
597845273
293738118
907153382
646484878
689655924
507944297
99800208
890385381
725626806
360332292
268546330
154988138
780923139
290592085
677508205
399399641
445457150
403853471
665716479
981893398
864628902
138839534
697103704
635587081
169477405
661707788
42454678
53226604
332272809
895289725
978177684
568535040
140472393
546977888
906077820
573203303
101581586
518102329
290878130
969098290
736489107
163129591
561147542
203444477
395213714
359322092
536101341
247995910
411108824
923824317
184412695
4813742
767075381
148009979
54629909
164433487
639073810
76405628
987176598
202899103
213308729
402319981
76219121
241073467
708908391
112827979
528582660
299002042
612029693
110625001
227431017
243880528
872836514
416828355
271898335
895041434
660178834
601699232
195911376
945935559
114521854
555929590
479394551
116928472
717625530
841644476
212243415
958416094
750560853
904628319
554166714
586072756
283621894
540072692
463288073
464274830
106191222
46480552
861031473
278315528
469286218
255428425
667738747
13605806
886134100
749630806
637703544
281768164
835793255
32434507
268253332
339596354
794452269
99715910
925515710
132242246
192290834
172702648
691194355
948094654
978783014
152633854
82102993
275326585
48027109
991130141
953743714
131208919
104002738
745419082
974404155
264419215
577394475
716756293
285894273
767978778
540671443
521004755
455031497
431973548
197264539
148430890
904970937
270225699
112207938
407601381
38067504
254362796
285607964
861789555
906925325
271983395
558248568
385740265
265380682
9953823
61483656
189674052
169125448
467944231
582623776
718311978
180320776
296479632
613537318
24334478
235948271
24775313
302498188
530148035
828409989
475415248
290442886
798573320
633204907
6624298
635409607
448412352
380554345
714122266
94345486
105903401
333501359
204027345
750384003
952387849
748509089
105220064
283510119
314849870
498172774
358496845
476733188
714805139
471343811
478370770
70289078
996840421
310596899
26150958
102188614
433539156
244449408
732087149
286624787
928088135
330120105
485037714
150164860
616682153
412418289
40375167
36913303
54110571
215719101
623614275
313110979
49899489
730327568
864117949
268263026
906721184
998083069
708278057
206905130
723596230
450932111
256342746
991004117
654250617
739902849
143182906
891717154
94604919
380813536
505071852
46281274
617353518
970787138
357853078
750823662
941774495
204691902
144608014
591983130
921820564
536799800
787227926
782354750
262506272
527940311
806778912
816761688
91480766
160729116
723450919
929942465
949686861
516270095
528023531
683426253
382235195
308274741
736284313
931818661
260348791
39088657
989311669
66403235
7828849
532760059
302208568
452975519
245412178
372973595
419307555
234112708
515197189
613647566
937590338
330086366
95190287
165694421
724195855
133290620
681285536
220947921
788127529
574788435
538099967
703929703
99770502
233354316
166285676
215406803
728495156
364024914
441300410
578528
811918578
195282943
363030884
201227419
71067929
186139235
549001947
36440877
847117016
269249880
505110621
604931385
5612301
16406442
461881225
60100424
39195573
182158720
355260225
358369952
998130851
437624460
550712448
547192900
558044780
161330326
426589326
619420066
721795241
345819055
455901641
388439147
896393561
830561686
50084668
863231632
814127702
908176056
620549833
620568691
21468737
140685269
899704504
383495590
498313618
950725311
181641688
120915167
425063330
664938916
995053891
717476832
626020576
23043199
902743996
18740107
597498032
717058072
91915480
62509468
760292082
862103570
785151078
149142442
195888155
268632435
556630540
83537690
903862729
17388470
54373154
280124513
155208908
452538902
41855833
357907930
724468440
766599825
292674862
206957355
450147218
546404968
141345275
109423929
654078314
149206561
718669319
858557484
44265832
965804850
476644849
897144467
724830981
583585233
310477546
588335855
12374890
224863101
689190862
296677872
798962702
788872917
371119850
531235732
785836647
652216870
90889609
910507537
594126988
823311694
735604397
28434896
137457981
780244415
781906907
926599138
419827307
911185522
238504286
610275506
154355438
268310181
695371148
586696409
997786895
798771468
539981605
172251929
165805578
355609119
185839951
769534961
224191405
697074328
930000417
63200239
10706747
855623095
487538758
823444331
366538262
234414847
184713452
579628774
864170514
249503034
536087096
478941303
358730301
215609999
335627834
149301807
428924720
588360252
955128399
63107631
38904848
628196520
913010285
448888091
600322313
83011543
46776664
534158181
75262359
776581773
134955684
116837278
161956746
736411250
418381929
280359958
891523347
556071099
145361271
42622489
113234980
993273518
769465248
138197741
178914683
229226689
707883357
910021867
274092360
339445079
953861754
324267683
147841299
319672502
944056786
238949485
564866653
191947459
681343443
539234076
471132667
72789686
328070827
307804354
643169970
466706661
579404012
516286115
780563878
140669577
870491018
75386849
426355939
259750904
468035740
320619048
174094910
224623551
958908936
495059191
756767550
596608129
450921489
5813777
439938773
287633454
847594874
776519145
355282898
184133264
776371947
638098550
901594424
101339594
349189285
859288402
563805455
363811560
603379676
351689952
250455035
967076811
889465902
709419737
654242876
301013127
863130735
282157252
50008484
980263402
26009766
59154533
591118567
79095201
33241298
210249302
256480381
34997724
884681649
248440027
500567561
113675875
252914801
48970130
27179130
372363404
279499581
257720937
795840473
338533815
768498000
135058584
410737445
324721181
336880413
570586860
880387602
968005180
116545121
841096685
661739724
604744043
848613312
673246239
638672416
355751825
353546238
483772722
186430294
631200012
216168918
483750076
264586701
731404653
893048395
667159026
703863648
895367585
760886224
116283374
478323016
482589236
69031608
940571707
448864873
247707355
113770429
18584257
314184254
823127094
260399264
39640048
963526323
267160819
963942175
632661746
996925817
33679366
135940697
709788473
988920170
922742734
191400185
576706103
785169572
114295739
296722345
274871200
268849385
38923794
521568483
150075970
76229763
918947098
133090871
327444934
666782091
179843881
988565573
465890397
267844549
974245589
348744275
347530959
774416687
858930576
969663202
188548831
408937480
711889887
710686733
913586784
67311117
898444717
855483380
214658284
896306801
623447720
588406482
214189817
273412436
406522708
264447031
666978322
683018594
39283871
830872049
125861455
467693226
845789457
733912649
86359916
139907329
272716345
746651835
56826183
93189828
213980259
244291011
446154750
941102413
114723470
971233128
876883036
948738841
549324824
756324312
313882936
918938471
672943995
55961555
214126755
60945799
816506117
562209907
404170106
144442660
899395650
524889728
53167467
999223574
123751028
697396526
239652090
92660569
197505483
153459627
252622590
687036427
694373518
668855153
48270349
320392165
85208935
331439591
62318578
996603487
751421254
968102830
863027244
355867736
698790076
123889245
427022941
279547129
314112349
673086052
142740571
590141489
51982474
588049324
38819915
369061931
533429352
619140575
977973255
370780321
982159275
456388358
724571312
197812182
953808601
470674097
381562111
764023657
642313033
210549308
130436047
471516599
409736796
90153241
841261160
55734942
125283194
729859936
65407432
842461555
845132434
1901742
508964875
871410923
240751372
660596151
708695291
252388608
949355682
101036587
265997820
124613766
192892577
202116702
268504164
68238668
596542708
729209672
685595095
389646741
239543420
140093023
944611498
247832164
84207226
908534634
478722656
183469405
533823697
671639574
382497561
262507190
78042743
659245408
422679513
464629434
540082782
785005141
820208969
639004104
32505461
875075848
822885435
768213665
943806836
184896925
437243509
118194008
173072655
606982978
948555468
228836912
167202922
982235014
154699643
107363530
752571794
636419351
722750313
918644733
213236976
965896106
82191078
852765767
498048714
88768263
875243662
419460925
491462584
836106392
219202664
401612879
258919201
606310778
213311382
617677934
516339903
847277770
840105782
881609214
64999760
632896161
833508399
722031752
801515416
277525461
351644299
535448862
45846383
817742427
136917396
338634487
879094389
878152814
538885346
96544139
799447594
269998963
424059542
550362229
672326766
140916271
889383837
731781619
305622522
564889566
296385349
268053885
40638744
777409002
177206698
975695236
758411462
408249712
482696991
550850338
589845039
204617664
426749632
121364139
979066855
323901924
311947295
514416667
811703279
542436875
651095876
214740263
761889216
989831092
315393500
195005622
213209851
245665911
826341146
998657396
161366598
682871138
549183743
348060858
287998277
285015726
49978
535882242
789136636
263414461
244164155
555535177
234653030
105812288
179338899
861399721
971200904
874362472
306523561
43338838
305423168
878970583
989632004
791315335
6330036
222912855
132512054
820848581
152569829
331802959
963333159
142733818
847766020
751508905
186420470
786465452
643959244
260176276
815178586
618345279
301078325
848465957
397131969
513398124
60685344
85826163
508041122
165819830
780026063
538401978
593179521
447252467
873803650
293008440
464722301
742687975
229934640
946990609
239471615
274839069
688760536
329895227
536770202
642533321
839034614
635049747
336965180
780133882
338596644
237673905
46509777
88782881
718639548
155430565
352787718
223059203
507285006
154687956
89761428
699103717
182202379
69605083
139567100
553533716
583654217
76820025
273715127
715104372
68428448
558093948
259902876
405575530
440302695
353217784
206988102
42940102
185668318
739117620
586048807
176512090
6881778
927639938
554112607
683007171
994491501
773934864
68009575
421916072
983055742
451083981
955641352
524116976
983264668
537408891
130949806
652747780
700934277
480063292
177128532
132533667
466343170
222888618
838552030
610617418
483232400
916517447
441435913
856781145
202734909
675711222
678799370
510561618
11501638
284443704
122685011
882160501
414084276
869703280
67723456
359267525
131415110
339961172
634311110
72323551
700231440
176142441
376727591
663171427
154412679
893697995
650792341
68985202
108204884
359399986
603466107
534220196
49039849
425439829
22367553
645321510
167222551
621851817
879741120
418820856
9203079
400803549
27397954
152156066
509538650
33076621
346900350
294760422
153384890
322437293
221915476
845100536
168080582
326433736
85736226
71309653
705012621
508920809
769896974
129668345
435988807
68370885
373858792
90815132
703185103
973786705
565711740
776740914
716416977
473726560
675483285
908347492
330528711
684479921
245736090
359570437
742694783
506457629
889237368
153992510
421720556
304477001
75751434
343737041
683813821
17070464
455630280
653643897
576979223
217252864
891614298
697211064
52212947
63047671
894893525
699285321
222633085
802791394
357330038
85021709
235373185
677966904
317595470
822175622
515945246
768046735
668430742
15770511
434733668
849156104
146918464
770914723
737431889
600623178
293574775
61421947
366222914
528384548
227322689
360431667
858719603
432210924
943959064
910016219
427888328
309714812
243033539
882192351
605978674
638276778
56375757
217870634
756228242
370955867
883980987
150301582
715631188
499036376
854664719
354351838
796730262
372703879
225261885
581716450
435393273
253571485
193368608
396954907
186781525
42734408
855507149
928740208
210651714
49309065
289921243
933235777
227803810
196630739
770365458
442902851
169024015
352717375
486634822
204590501
733453121
385834670
169191884
815250515
26038241
500457945
815605676
878065586
488309982
232112822
707732175
318008904
135057918
600528264
881898251
219595879
74639710
178968874
153343699
708837895
234638463
360540957
820745807
962577579
159836191
618225819
592602032
557050300
330624296
739209436
324629150
975087606
86331631
293492757
276854238
848445484
395424695
988427417
572876913
967190422
678551129
395546084
785306996
376744775
148482977
755788090
64899875
22764957
144709452
603138697
77577426
420901152
903510799
935683660
34952168
886458725
619961909
506358091
343927020
258105792
164349543
71699006
566965761
8669443
719852452
747675077
66190410
502794836
454861979
928804316
664983819
629628730
57611352
915193148
163394717
33219516
792429623
28699542
870300540
317007615
523662107
685234025
11371625
604405665
921058334
216848366
752998175
695034310
66120562
656197424
503648329
21236752
87062836
327829646
933827239
35772508
112779146
946970251
713843623
116969040
606920436
651064371
809775723
175734183
888195877
921991431
196212921
856129707
437627538
139067215
35733875
190408994
862223929
404646069
397823396
822765819
214286338
362071382
927956614
466851744
864105887
699339638
111158034
510071947
865748064
202143104
107184720
882849182
38887323
278913948
531685629
984286045
634067734
348814384
738850174
880529454
39476909
10203577
66833115
876279278
392523433
808883244
855859570
514870524
768705182
214828144
172791783
914954171
59036720
126718977
66767938
528883940
920868858
67917167
163104328
331335980
63261107
913437993
268548393
524115662
971134528
824379829
147066314
924897087
605892927
564506790
889961808
554660373
348533075
598588513
86621497
430373882
601294993
800892761
457836589
646193282
534688538
119570601
5961156
216784706
337552978
379149311
860204719
707026822
649065423
205942635
190651720
88160762
169331071
241965668
239606515
251964683
294027956
310313973
593917933
836079828
954662480
885697022
510188939
434765938
312118110
432830250
154717044
715977155
582476063
930999656
845482173
692915244
862437006
150357843
381801535
381742786
951398744
766689541
706891202
752611393
66799470
739992704
29931203
580469997
836533757
145043117
900718503
297917047
788818177
620140140
21294638
367200086
274905181
801264661
542245225
147827780
255775897
371969031
906619534
572021439
94117050
863712462
292983047
535029979
158784773
750769802
241274430
16596848
109240123
121595993
981909835
902069213
452660432
207049348
283247934
62139914
759523793
49359783
813949687
755684988
117707652
968665197
685014055
480523606
689181681
218025890
302760582
378087928
797346507
48141157
852800538
207381241
786832334
94805450
496643188
549739318
942629465
916419670
474301220
461075915
242050632
34206850
330610375
970959507
73556927
903986974
211932477
376749807
300186140
94710940
532813592
189145668
519512898
329148283
558619195
747942239
389986976
556734708
321973050
927971119
924691495
476021822
92309353
377380748
403348519
715349619
522243565
604256948
171682159
166078269
42083120
995502929
763763304
368415092
440526038
880753988
686765708
333464583
376711160
559975028
160937512
498471466
832635543
240252334
688589949
412289804
907438511
798368350
598789080
480824911
688364510
983602643
214163914
780332961
886395196
56912768
622278363
271065036
688764190
972202738
893285034
765633626
769886862
100662439
980490803
652718967
986116592
101855861
504879000
845154864
709891474
180965118
8556137
706438236
86963145
284446186
145638541
390585459
211621911
274689121
693047959
325164795
358863138
482751393
82158290
778979457
711882988
145693607
826195377
786711546
37392849
521818747
521583757
725754868
452455421
500288632
955034533
508588707
230052558
910079211
610277921
335745550
53780177
716963496
247957752
46810162
679473401
149336706
5895830
441708153
942976912
218607493
122579365
456344221
646990413
235897204
391774722
781276812
785740466
237825832
842301889
742928360
323169304
916190408
991143247
768945579
15694518
236664305
737419714
874743710
147967927
406825829
769346550
347995282
738884861
471364486
711923623
95096926
287087541
59234552
495616206
991991349
601194934
129031418
503386945
7750982
448291232
885901098
613501569
210938721
972433695
200246294
885846088
490853646
683023176
284795169
846893880
915843528
877532168
319952705
181006134
86412400
800758072
334996168
77842162
625670723
404870168
682113714
296549914
891571456
36909826
752857990
408094932
803707940
699071098
953055212
957650341
69360929
87796607
786286231
42858522
140980541
107166883
994775118
300627581
232556863
591098184
997397088
527836160
754534493
622058327
873753002
83465720
547120493
432923062
226250873
399716592
283107532
938293457
192846242
787878228
524444826
672085449
737609132
790565812
80243476
2785160
57413772
325127862
759816625
665700385
782169150
451167983
66607763
873089978
206378883
873908785
893165763
287649505
180326025
768191517
58406411
672481487
780495600
326845630
191510895
157810989
641822550
285893341
343270521
784504638
216400954
318280366
934790741
612626757
204899666
452357172
248657919
861749074
994492949
282865609
48204006
401141376
183985899
379380960
917217094
945370964
300662788
505474233
132039381
600018243
613096493
295123004
34971070
587309121
608381063
993889278
586912831
104135035
194644812
820631679
503002082
44125298
991263335
35921756
628765601
934874348
570697097
841912387
617760519
78718518
603058572
22821213
714370724
455278211
409617891
319191876
445296121
355442388
208983089
285457818
495440809
292157071
829960908
507030783
353781055
358492524
237992309
228728756
504110401
448867630
909726181
224827711
257740795
602689234
62827876
882599402
890098900
664914629
63324723
187953188
660521022
729633352
845346913
837412106
490193282
824279779
678280585
221130148
681520571
900811672
109093779
258657502
600223716
564762504
860421400
809478725
325604705
818775339
661824497
485956074
326353658
716100059
256733253
672062379
318144847
35476143
782287808
76902164
61356818
163690041
658767891
868675081
527609453
347875902
796170042
37237291
575998194
923042748
700173193
824720481
730778853
899136723
111035537
177804593
202986386
807111888
396280149
330590802
511130335
989967879
574024883
644108175
906360694
529737057
936069402
832577175
116716871
419831015
851503988
167999363
359408707
973658923
290297342
134137586
734870728
33268399
213635530
733206755
966547518
393767556
270854115
157544624
547289575
820023453
989062552
983460223
195966065
939376398
811954080
556808041
538054030
136598809
271185483
843134956
336289724
500139478
528950998
341592971
982225891
267831582
223265664
806261575
378886623
379610453
322855425
1962348
211942235
582039247
646856866
856912927
932999561
133784322
992822440
114872386
133890073
144639047
783446400
776074140
815924327
45380774
540457046
393744906
706000705
167414905
685599029
864087735
366276791
387391881
842476252
856533567
863568239
814438594
208476669
397112555
162078982
869597604
874407882
278464625
863763538
545133293
405133203
628694793
212655887
69484366
490578408
476917947
35845508
288861953
154365487
407669425
550443554
290211101
878758035
402904878
9657286
213425446
441763426
464600039
895919682
685181905
24561092
284780918
706400
37219494
453123428
173305488
305800083
766054144
366248208
558692210
128148268
96318453
829869010
548021438
647196060
366130170
743807417
431727568
58834847
343371266
344551933
810377525
340873208
996510500
67615319
61767847
73657760
282872789
936781215
678956151
32927672
274064871
326955879
167237537
569704120
595401430
197458693
660844784
22961595
419764584
30456332
682696917
781617352
712712540
728015488
520873103
677586774
495162910
297762885
254934598
741573154
250131334
148226586
899637422
903936455
38246993
594575934
671732142
486099614
983012629
445917237
563459288
729795934
986511775
628340878
990623861
595519973
468471994
656553505
266357450
719026372
908969276
15564682
276203068
902925464
213869333
122348087
789619593
698161405
454932088
980696749
71331803
36976303
547595166
164679699
229127884
76785961
953197966
576985796
898185111
556630686
909976124
709311677
602549461
472718201
44536288
973047378
718792982
712888241
149027466
233606488
967324078
767061568
994175492
184361826
785883118
299791543
182353869
382365595
670902100
211752264
731342917
480034126
573982985
777375428
770328208
876888681
28549587
181858711
954948825
489904887
868009908
945238228
596464228
74826167
728978063
260296115
82226581
943750583
346220151
107229090
618630524
736304188
4929074
948106962
599848211
953662251
448046717
945061401
127120615
909335213
301823624
744622241
98072765
95402083
726092385
786510356
660097998
510407495
459329322
581109176
189759721
759849799
956985643
337403319
504785439
180701266
546229197
407628653
524389803
551566128
223292567
17816731
136338441
285733918
818210603
991255515
363205535
932782296
606387845
647050585
783750267
57790394
792090263
966447027
830578499
563135216
907233800
154251221
706543156
192691140
805742326
935411645
844620721
612507294
167220924
436289246
230592091
799256327
447313926
537818186
283104172
861368500
128960725
928687910
854157041
968732118
674177780
590035172
180646528
658548542
997200651
40590552
639503462
332514684
267980511
549484911
440012567
492531583
287833832
870001464
189066880
700642063
508876216
874658582
661663303
830651697
28530023
314481056
365516692
370294259
656129038
390487657
305092531
787642954
905349485
722061883
985118499
39898880
14800153
237178931
153465705
47506145
433697675
321354657
719368757
883157266
632543718
275822681
179333004
231847726
261136517
713058298
156503857
491479625
888671019
37392621
195583547
668174232
428643183
890230668
401249905
708324549
285841803
943633502
998605663
88136249
556966973
550298769
101500458
570221599
526086708
519115687
894783106
299137552
268713953
189196333
904120422
730640155
474730077
857903115
631024864
336344921
471649731
328478887
713681798
237969249
665399168
165507963
355352024
423410455
81074823
561877542
298881914
35148306
419820513
650934579
452315751
669932735
589048262
55125189
494083563
352462609
171143597
304054915
618813679
338697627
680053096
13490093
175276659
748369725
95232451
759838558
353356946
897286724
973898490
227255016
316250594
699552749
532100416
71702462
244721771
210833080
797904571
562550501
968947980
819161879
113877396
490621532
466546357
350367255
865655160
259632085
337401263
852724630
703133590
855754859
348085010
193107920
310789956
542696952
608236718
416156178
249660250
286338599
820456336
39069745
595439767
67960027
838233820
245237722
101924951
22359890
185325783
817734862
115568068
403372881
75246001
950810667
600172250
826443201
552217418
502561530
692789994
434762295
747213333
529279889
409750458
166190
949871815
787330750
274684768
206972133
541174591
879635439
843614094
822021492
86424410
512666104
753730790
191070603
438370264
162125908
488136702
202876097
102921055
734929685
769159780
729909049
987098245
167129093
373666348
4295761
598471964
185158996
841839269
200082110
606550503
565447872
451899819
670923391
795730141
709967926
196762849
669022154
939351453
107819656
785282286
746148089
546401513
879174871
227104665
593520229
981966340
476538283
165802705
399881468
453545037
594160961
614185146
374311437
608672465
85761059
426233962
32523155
577931142
839637255
373736124
449466959
391372982
133023042
629766438
461974882
418477830
450192712
752148159
245668157
889502046
108393600
947058602
85106466
937194239
233701082
754109697
241771097
72319978
529448324
130638745
228424587
2806286
677816882
739495046
578189231
404168825
229842866
694357273
617185271
222366932
996671826
653043639
139755943
968484836
380861318
508475794
856868814
402767122
262501787
87914559
18271051
954546681
73789156
172052590
57308448
251815089
619679053
891381513
970793794
22832093
375039606
901696706
533806866
10341292
27639014
2740726
317932195
266647520
17164484
663538961
642494332
92788743
265997565
846772437
202983940
563711894
24014629
293067632
16533526
304757863
614070261
708820192
41360117
554313317
43063639
733186830
896524464
130840534
276601957
878099094
195217009
462056506
777127766
192927661
973845972
641959545
877767828
911021776
11462841
189806287
322383731
152962532
530002486
215792088
690034053
149943989
196022689
367213990
663529792
881962807
987376784
604252349
279498104
690113538
418825779
107252452
237263186
928606821
925568721
19962636
443139363
213092112
91281
112125928
321646324
479288271
929748480
612712382
812346249
207099467
961538210
745159871
987685137
631020356
623240304
442183407
858311723
684029121
238478196
224531090
441538156
538959532
798238564
319027992
905299426
17620899
389961215
909381346
678611164
430013274
586580911
990646174
982960191
663537545
571467609
284177331
366012521
82272166
218760180
551330503
851613686
253722427
376018633
329647856
214621620
6850278
797797238
482123406
256348507
129295154
426812056
129578108
261757893
868470852
178237545
8085340
736300908
140298399
565351424
626216214
806260747
914135192
825964729
363865577
269826591
642601417
661230123
68027520
575380778
800423802
174672121
174268491
505013465
191701725
921008824
209531694
459302055
137601091
956869392
44171573
912476735
75411239
332259286
33304176
489863911
674431228
871080127
252485111
412269146
339511997
194555647
460168038
610981615
339042153
345025723
901803518
648721699
121194884
382207915
474834645
259302201
584458543
323589734
17875400
229880277
797717449
32958945
599913683
944820085
988437899
852512679
265465325
708174748
396685450
30746482
699181969
49996479
556419665
172311330
646273497
466410362
157856407
927490288
918624284
922304518
154003239
813438532
59390717
21588889
22758915
258112119
842897391
885941840
226281249
781062041
237838791
172700523
482023439
761035988
884195658
263866011
510739980
493049028
251496897
43853092
238823889
368139896
29540624
985954982
912454093
714986096
849812154
71414831
766079773
80009398
728321701
677061086
799271782
532309941
846413147
253285011
904878046
267326087
348096090
283581619
968062140
459807089
166655620
890034937
818663002
134088777
792990367
38217612
469341053
593288346
846653916
707138907
568899512
532587643
514928343
744502742
156482501
86569986
282581478
502182773
236715817
929825538
116643988
79788035
288241405
588794735
560152505
152004054
863345457
715442206
706116374
506564573
500720506
675553661
348040074
525278793
875834488
194343788
477287027
935910765
148211510
65184216
828928969
497167456
997915
454636182
526086627
749589738
433551067
246882157
821924508
5145287
858540490
764617771
715920117
407671951
403572572
48690365
46433266
355339977
550009854
90654414
440185924
350024391
448628742
424073083
477583602
324961974
992786234
552808488
509851705
395858364
211508470
512892779
922111838
971844806
288768586
846993474
554850037
365107209
173408200
5210991
139343549
649754424
829170723
708557074
286176225
958044269
443519821
749973934
740984411
390843604
439431040
213326287
272846274
410574789
30035398
57610624
516462525
819124447
224388995
408360037
115277772
136487528
164931304
358882497
852135384
31095995
492581874
619803299
216249592
496933408
226625077
117037914
972165713
248786822
966790074
937419031
972902953
249577070
636982388
467187078
86017348
592212730
480909508
958212591
542789817
855779249
537129884
200521558
524863192
328306711
50204331
847793258
506756592
409900759
557182475
679910079
460517558
222418706
409520148
393630715
897903195
670168718
363733650
584540845
4431702
539035635
70741587
920843188
611675405
429612200
950212975
784571919
636345074
599572553
472076228
475930260
537436477
272265220
651891998
356541204
971922676
184369058
302603000
877233145
5292716
71967805
509571079
917138122
10423263
328858171
937184054
807155610
283085022
584205223
140269595
24852280
42670090
339179997
751264791
72763273
692429511
809596480
819257797
659611383
171061403
426400647
414582550
986167040
69841941
628656085
293992462
961997704
793866115
27109423
499755896
200313236
631938072
322466886
30750196
189151984
842313713
977851816
329866578
784151976
523279766
994199445
365081193
926388904
731764131
38056067
580473783
200943661
498985327
372895131
627794242
881954688
603989652
862293838
96661358
132881467
454726722
907460454
524273955
221347499
774562448
283466699
902637375
309760133
826774931
194428328
301112177
931819984
697625842
236973569
780734277
389410605
673505468
125220561
553235683
896604567
180024511
671233413
800376752
945273691
722429213
225979237
776694516
49919689
392470820
411153156
993772279
364488331
157908765
160425752
141710002
126754466
115085522
344540138
946808366
592733641
806121743
215669320
12805633
995498351
935996282
630441578
729083887
359729792
705059134
227070419
731776486
392448799
231524305
352166633
281890455
184908659
909574346
354214268
840212704
710375338
141753411
906552421
541078194
837959557
628938926
826324636
577405900
34613599
320555915
50905025
627812481
18527744
852426737
462199405
627966471
299085412
930155934
149533707
78763811
863030381
625864345
71607570
78852525
351372159
208023141
178472908
324861160
872269521
461197529
924296199
396771443
798276479
168660860
402628036
168225094
558329457
27397772
61650226
202001818
992282725
147852685
393054658
697179079
4579668
128329008
905749460
485225864
681610151
882323163
523706367
459295693
892248870
66287135
568673474
718898647
641760921
364239223
660059900
142153998
951646672
253444868
350887409
110679556
284757394
592136513
820906061
832556636
974185233
955133158
851061781
517060722
307785470
30954738
850813770
778176280
282145483
674705496
810148484
956386480
803236424
319484466
134150009
347021573
938236126
791832097
334142240
688163741
560498659
734166254
428460285
795918195
899459058
252505632
423995473
856728789
110555121
361325562
965270003
688368445
462628961
430551416
457292934
71264170
225018906
842060115
685583716
587500665
441490995
700161763
329885451
4218470
9292750
101824012
565471324
586070940
72709343
186264246
308257162
581794296
136086740
994178497
202129793
729790535
192794373
979131731
154318970
802285869
981075417
217421879
917826556
169186636
803903763
465095926
41604852
687471637
684889066
123061238
140296898
505049951
66286233
48544007
357012928
381736819
347359214
316118962
64607986
172906801
996668719
526953553
563852479
708041552
431874953
182440944
26875639
337315463
265797083
182143294
299387808
47016738
431259220
166049282
227465807
883695374
566786752
609418610
204104572
361667507
835146304
217209833
400274301
830176783
763066000
574974213
701525548
460235288
952546368
963440894
363886548
971002233
114064679
510299612
376201737
996030796
386187355
409572049
829999909
932987167
217150071
449355104
690612404
739578451
234058856
358736799
201499802
906779025
425921809
231826897
846688332
220305390
739344059
115423361
260253572
898835240
124714276
436242118
80444308
694675175
979872180
276077491
374096313
693067540
928788942
456703599
895880214
459305543
272993960
264866338
911867710
660995061
351128866
641021589
152099616
151800137
488458562
550804135
751125893
754303385
539300065
919277333
735706259
243440582
553469373
148918117
511862819
683243056
449690902
994295260
448219689
830798478
58794926
755240771
192028543
115953376
480980327
805710877
448739511
846959035
339651442
276838823
524464970
987815656
477330420
766537110
783589931
33075273
758603387
887866612
395259734
547920832
606052501
890908686
343257381
540558219
453512243
705068373
194539014
671376277
819155804
169475205
298461776
548226216
352289047
883086271
150062917
162406880
250971445
348878627
128940622
263106355
909234316
670880363
167322212
245235856
503714373
197385372
726114795
409422821
510991010
832200069
271372970
481662398
177902426
719877828
739767716
243133270
231292520
8675514
298558247
660259655
865568446
766049655
917453453
836040325
657605831
418561855
857721821
423357206
150537061
653189783
769657877
865557807
101071272
13359358
845216162
959608944
198029915
535931528
554800012
388820860
427549014
347998731
590690636
69580187
248847220
514917177
89135503
172395104
22715094
822148840
114121680
260447589
837557217
263010116
800718388
903311325
354023100
287210609
399310030
86739845
587588207
717562143
197470985
441705581
262023700
540973467
236225998
205423921
400597811
894116016
139588948
637352948
580164804
392984079
651870404
905475567
820702498
552249206
54141119
590510023
289210680
931454613
23213955
471148865
5782199
842808865
623930455
185078953
615878429
301031712
78967905
971832702
993151245
973639105
50420019
2156843
390794468
685772626
839577597
208676720
801329531
939369003
78380850
257454502
793555195
562527953
911967470
602737179
524017850
648344539
12418297
193259884
487224604
153155632
281692505
465952421
787922081
55263711
551819870
989421385
766840335
425806763
542825546
998606927
119588699
58765514
674614799
350463841
464997376
110642405
616429751
119624469
73238572
711736385
339145801
831366980
889856440
354265729
110649515
750103961
115696635
271018398
720482695
851104420
459707456
145943639
708899525
216538398
461653014
824171539
542692970
477685921
712539477
422016130
106017640
148679965
558014872
298045323
348042867
386018127
607000940
580897431
547546841
464405905
436860073
939636359
706595649
746293071
647197847
615389177
657569741
69693995
258260662
259943335
121749021
256877779
370560134
997168981
270981062
866604907
600522173
402435296
322361955
904948646
597167540
919002281
639196313
62715419
496215339
270554822
89356442
4776417
248430964
168035966
350758289
935836348
969782732
842557897
399401112
721770605
548787956
548897235
899949802
69765088
182406863
130077901
940447121
389552531
877090648
856393714
596017246
390486163
547047742
472018122
542330415
578000673
493674518
405526061
969641880
571344048
978561849
944487414
143064625
790818407
366925064
444246126
840839458
726693751
769836892
130770031
238031107
349305218
283262673
507745104
827675186
131938
58557686
58605350
386100070
531568916
380943841
92989014
636589167
55394231
395561151
320568284
501585191
655664559
841437588
112996612
537362651
429856040
860264588
209594574
375597858
365314375
488622086
357390750
649450594
631997721
861598663
607626162
247016270
669566975
969493212
32076892
674606667
407872760
61787782
352564439
592772013
415086424
348058209
759766604
563632558
240576504
195299903
907410267
738280910
284371874
376453175
752163041
282659345
275935852
828182555
502739507
992067014
489548488
374506882
404201021
46385594
313160306
367105668
729599316
100392647
888396706
691766619
929990987
543915021
353943072
983515253
572132276
566248612
716121224
171858627
551155364
863098570
484606432
513514861
978225361
459482329
9103476
102704919
236138064
453564590
748902667
829388534
147307515
272135964
136396397
397286364
659326642
351568562
801612430
893526930
110336189
296382400
222095961
320830431
902815287
113357940
650449850
420978036
650547549
998757420
842868948
970805193
539232245
366745805
138114867
248688479
464047857
212308086
55103519
280225178
514977072
193335888
325185441
313619088
369505301
799892925
244928724
575204599
453047848
189624764
515079953
36520148
337943524
286448056
3909073
206554892
739219103
269871661
522163106
5248532
178580263
247182951
139451824
167314198
960565701
714408329
83671473
570946425
321865961
804397430
635554735
661079261
856602696
196319084
478598895
339778893
504525248
582776885
136278397
838134198
566900603
320569608
752925968
898693998
2234690
280216909
815769498
8331667
13942945
309045613
389997427
448704655
540267950
44041788
914172028
275104170
89911343
145584444
356235355
969012439
244303738
188366102
292209760
578585476
15528573
301450297
423146940
151289981
901950075
697752841
700537422
997079015
248085304
903848972
950703985
319581309
770727950
589243231
14634431
364258286
77517530
393087924
517317400
365724661
510593569
489926384
163205496
484448060
622807069
503702944
266445879
4581922
457305046
329522018
172959913
713190159
695454031
262442532
826527523
144489825
285301018
456715204
940206291
490227439
523547553
41771517
721011296
748025012
494549072
941697137
793631231
234001634
781662646
801127
663330925
637021696
833348148
647538874
898519107
964702969
784141561
704878589
263909799
955855683
494915166
782241500
39433715
137441294
786426139
581347154
99829467
848854002
650396842
775319883
50486927
127302588
584740236
255967733
498539906
477637939
724265193
728758754
452061495
277158052
544705026
698095341
682521016
901771457
698622883
163579397
154076568
662744713
896922028
998739451
251536091
923059461
372394502
180234312
556492259
561844917
744838096
423459006
478117160
500268553
483828992
92043675
448909786
269025063
320480183
276205305
340506236
913670960
430309664
545931813
899909973
637202810
702149781
739103901
272709631
774285220
616196625
398104936
650453552
736354562
858739390
595780130
558425353
638827946
346240530
249117228
35416377
370624945
243274209
18271157
519530540
158181870
558117003
862304799
344399519
352959257
48007376
399078985
706229361
933280531
559037157
545303847
364976153
318435933
190003384
838365440
41049552
914097410
534061314
387702658
758670273
242351971
170156640
398805597
760868590
692801417
101250125
591300657
173024969
443207839
741277785
16567320
217419882
815293845
493852260
276231943
19819886
45069855
887294718
844276145
67073062
640554955
477527788
375523347
82507391
653995875
94773404
468222890
219896722
753264381
369934742
55436109
497764606
973628958
204028580
434786032
567707327
509862520
889165586
621551367
765772473
103552488
636175736
500187309
234356663
545874195
574665992
812967048
875792562
972813525
645897455
230368173
929142182
889259713
900855204
587897715
207716284
845626976
523967361
894727182
549106763
856466300
525442775
135897799
516565364
162717799
435043428
292526041
382362651
937051587
547352243
17418632
712094859
1954223
368995872
912920570
570808510
62565462
778722362
62573822
114346137
720697702
324066195
707073704
598839713
782948067
946987229
61550772
687149692
54435254
455036174
90284987
793874862
520196253
255924641
542719948
595703516
383326924
280033329
217039416
247991781
595906498
973981003
332159232
862690092
605493629
344051472
685771724
897661344
53004412
701654896
614012292
792245588
188126481
868845917
48666144
660894162
568429608
219688455
654003087
708509810
671362861
197766738
90592614
75733144
794881610
644045195
162304011
604107262
833923195
624173397
37682356
171950985
31499956
266465878
110850500
305611310
376365197
464735068
235313173
431030610
271697100
771125239
866904074
396049217
108547921
122271062
487653366
209142778
940817230
420939792
340673870
189261415
531919593
795757994
877340957
324737437
254428278
772711402
937860015
195786754
419020557
62914036
530657493
617072757
951110859
273940923
939459444
331517914
24074555
729659405
226383202
545222098
420874435
529499803
250251253
227205493
922975059
55906732
713286053
538198396
253857560
249893044
966646923
939107316
130112972
75840948
201747482
612275731
985951941
641276560
391446060
382554963
227933471
329673363
887892288
17984957
729597248
879493566
238009437
756593848
422263355
764324510
289822887
103005300
776736396
784314091
804497381
103100885
489445089
440410084
95427653
760562479
245746946
422728675
177932273
109082956
156681123
574230413
361648651
129554903
136736545
354476979
492862952
688554081
106288562
17580816
728014534
416464410
218935445
768935031
652267351
425296758
892422995
910037063
524139471
349041660
482601774
40495479
425871026
961825094
357086291
312394224
877122000
205171317
696146036
502971644
780810684
360493266
623900314
262817836
395532778
33671992
951911967
755121397
130108439
567497597
136371252
964896173
103977693
715120364
708910790
759531574
176913842
201425792
629704411
776924824
71622073
432357373
836545812
435346773
480934483
139064254
171025631
803933535
142035395
484036288
598244132
576040346
241476129
453864834
291943093
721259268
778357887
256054450
111129646
972334495
823113834
601241187
801500292
785927142
974158507
356169301
902372651
729752912
656910979
231715164
441913345
280047935
254163607
580753937
717866529
901061621
302486442
700811199
269548214
571272751
47582025
681769197
136071102
77096960
455816411
777859676
864239901
895715567
547909718
258600866
757007340
894707778
522038409
526600346
300644470
874273861
139104094
77916080
9593202
796969370
529822053
536787617
31534678
550268400
502613141
472154972
47121362
693456098
817083290
26107198
853899880
377143196
352959838
449363762
964660141
902403539
297012313
188031354
554080054
108229289
93243318
523991213
31637644
350987833
186037681
421901657
3640162
121684105
419748702
984800910
198619900
436925554
771257660
419840294
840763926
156909153
204070189
620393589
560512814
96707154
892101300
572012888
362816663
122416744
916836605
800018552
261686877
573970838
980782113
206358446
784910275
237743132
370288189
27764211
784619308
131331211
899895122
226754300
41865728
155118637
392168327
102848430
368761422
511816339
449579843
43601073
552317700
749082104
464669562
25719144
261571810
392654489
132847124
687283351
68385223
364515574
553262455
749621632
538483033
239297266
89258534
850758853
757740550
843077605
183420572
96913838
123952054
700822531
522677375
478698992
525842919
825348960
357543315
563860199
692808930
479615386
472029598
845433046
627001374
220623895
270226105
921483258
98410828
457249414
406262317
776466324
707039714
154476965
778127185
853171949
395992431
60242874
652413845
316044325
872585052
384281474
551423026
525404811
532542490
831802493
289381447
643212133
571440496
350361649
761611756
377047592
105569062
738001899
318596625
225125923
70470144
919100149
486690071
216697279
62745177
719330551
547800960
486938448
597765604
59537424
664090631
789060804
708617903
872802830
326295664
430200464
260722333
6143373
142451412
86491409
429282962
660495972
394036094
806076731
36607564
969322234
845707530
424898329
469121622
847680151
804971638
916568839
505032804
1794582
81369861
281865139
160743540
93052753
895069374
233605730
570921578
778507791
742288456
211402225
373286594
992484719
245316353
854242320
591115231
100334200
3991820
947689060
879315948
593243646
105733419
689856916
899605669
147733885
787835024
898644241
531462184
26782285
915832835
255758847
173039690
264198971
199945420
342598277
922637051
763868475
1612357
900612888
664474220
194297649
452102471
772841964
359595862
13835424
657597600
303030993
606090717
358195898
806578892
289337854
650134240
970638430
652346144
147387835
411146519
690307311
233929912
561426642
783651310
884967559
145543842
132361748
839036029
469866348
714501857
888276075
118624126
166621771
576087238
340844733
632335460
835954773
887258700
771192699
345469271
200672967
731893066
997397460
710601945
740859198
29268925
156040150
248016771
853116272
957869893
364622487
487846791
905210591
544255856
590135111
414748182
226718432
390413295
852565438
286482474
634075838
614873359
785177522
824869336
107242351
755516009
617813002
109821471
457027542
384305976
268140506
879421079
88099956
148539897
468209897
489191610
67470411
353930963
361258207
576842325
473882619
85837400
760195121
344723734
299082946
978021044
688080340
742270478
681778850
371908625
284150825
175525927
630050714
916231181
964914077
418792339
58847456
665021069
931489058
409436801
424283548
230950328
149971798
874866355
773367965
993339724
192883231
46130050
515193972
314462593
340304869
273523997
446264714
760755276
699762349
22074558
589699151
913019318
90469987
361874097
412282392
931970619
844615869
11992426
229064421
52620100
487282511
741997242
61964061
243139187
343979235
363884765
687257154
449910606
565590922
237256310
28127624
567703202
186770118
352040137
910799165
778144763
83683527
684267560
749691778
741694856
725241591
319180528
230359657
692295694
81488674
120901642
42152672
935068113
646848237
378610632
646678191
835521624
722751018
524244610
592491858
906166575
357548922
731802534
812589747
725688386
94025707
481752234
195216366
322309310
595504516
49558742
979543270
406179767
559277964
214400569
562944743
5009420
46801787
10923704
452695487
727537766
602849915
13437203
881978820
30680951
993696002
960784196
558999458
609860704
776476952
306708863
115447327
598060661
483572376
628556631
751393333
315552761
806974677
400622581
202708304
304581712
129252943
502362654
916981012
704394297
711739177
1040122
162043147
985807444
68552582
704233155
46109240
708638164
281070444
568172387
330769887
198716913
688445283
502371010
598091681
275528969
46021855
914925947
337567478
951409422
190938122
241213987
585427905
97961554
534129391
265868627
477862268
737000798
235718759
719234131
892641273
986824138
779204580
142884856
171195300
523505345
180803330
786110876
594301479
271140879
220834193
704050014
73625401
35841415
315096274
938175336
848191443
733077600
557079101
276600931
783037024
9960793
813301848
763982784
371823868
511665693
840579364
844238828
522961175
664648505
786347647
892860549
799461492
589964204
967217940
189147475
102291389
197839352
230306441
997858955
202780250
838108076
378059749
205604197
560015755
338190420
276646896
632054240
869437256
114987592
954339483
7059905
481836051
616689974
235075178
451401898
877213161
56021710
798281928
702588849
943324858
452712259
975114
378653552
929901675
203229531
624434503
208573657
188120861
531442857
720758200
233460388
516957607
147606274
290360175
763218024
109681689
104336206
989199816
995750784
849137252
30368776
511705305
321573511
200710409
40132224
498221653
313548060
609860782
195578434
668594725
53725864
86870819
7167597
475038826
218558398
152858853
942096579
270616143
463980863
999560657
999166755
231200344
222345593
815508331
178997211
167322681
682911350
682814992
348597689
446289433
942194873
465633744
174373496
907753192
948554928
901623084
500708036
185683375
768628184
699881046
320797849
719594910
884447419
42566132
136247071
341683457
297664359
978835773
161910469
247037772
470624846
75465981
377501333
238685811
415615756
240850735
200208457
67749849
360812545
312388806
807499339
261190135
712156468
683065915
706223481
418187628
147078432
33844636
296351199
484253009
688352272
29988604
399649714
732937551
97580339
8262582
523468473
517016762
78490823
448823939
883231771
554187231
294843804
2568103
260131665
322073156
86218431
35796724
588500338
3164187
308908421
292859312
794226632
803692628
838912473
386067268
263818938
251386298
961748797
792696934
560244801
618630945
883976672
761983005
198314452
888229595
469756549
117234082
167151610
418009004
306574895
458705507
607762888
94834216
457380513
258672753
44698521
278398202
268269699
280184596
351320873
376113041
894883292
705606618
626304726
363652725
933363647
526124311
83497418
726903357
218086778
531914644
401371196
302948269
89155043
905969962
267980409
816596862
183565186
527242555
713653596
339171810
509643463
334391206
738203970
103618748
46665606
60690142
169172252
692148668
597009937
725033453
890090878
667656772
73830459
56817321
911759899
198080341
496319453
304730696
592400491
14916179
158073541
904993458
61766930
520262016
448778434
814752798
212477328
855642029
602433210
220562250
163411057
241110354
772767401
619434289
91028470
689299399
240711381
338847315
913205779
686678344
543571557
968881816
10494473
719692811
834398643
332764800
920713812
161850858
564055187
420686157
812023963
175996199
766108012
772548953
849120390
669041079
507761392
349541882
724419133
375579847
406461146
620762517
947078023
776039984
798698594
170988824
83735072
176769949
901503438
104483216
120636754
95820853
164468772
513233181
155549288
185113552
4744235
769206894
663290942
684562627
497456348
70682818
32058956
606445374
163326087
279275582
561174913
466787938
182452053
214469216
663916331
639030394
51886805
329606997
53676962
471417501
298405930
695817300
699672136
824702808
719844770
627155491
933948516
28954802
281097902
941265054
202832974
811650058
547389249
686216229
991708452
471485529
968863282
296511368
523265136
437907972
413186626
347344657
883667129
730075877
978463757
528826986
659306511
637831752
542518881
561806567
958418595
497752299
370548634
641207937
38687167
568089810
829645412
844769355
156423804
19983042
825080820
288050349
424059704
760783813
7018197
581041213
519048917
989640238
259507237
556934162
261215301
539042978
60875555
876549842
829615937
14514675
24253632
440005625
29438399
773775491
624461954
471858469
221758583
795393742
774282768
472871698
856182362
937199836
771100607
108871447
310427137
963728836
472981471
357644772
666418386
239405131
115084320
619125866
547880627
34244526
373967990
661324457
868225066
346091950
342863197
632061353
889303407
279802491
336346726
385514130
994710233
911969004
646100288
25971843
706268003
78163838
54631935
529343807
488914399
321471628
472482119
977395544
478835986
694472822
449890103
148218233
497799267
883880105
69594561
185002194
31734616
347960986
905983381
798807230
212760992
379382941
347693643
295914354
765027736
839485715
130471985
713949681
294773975
936290924
574287410
408054357
864421394
598081100
823537173
263417784
493519006
455235810
16480389
89077083
156108800
169375643
504514941
565939069
486637108
783415922
234126957
213055754
348807888
104075858
144043168
997315858
930200541
974865382
747899646
195048474
374131547
947968443
93300255
820078812
969609375
469448349
124212401
129828965
681093558
910626645
562182119
100446906
817491076
510324677
939432424
906480945
377515800
443645206
285191663
273514920
850522191
486683320
340853947
468230466
114328714
862702958
420085304
644158526
577438881
560169830
233842385
409925435
398540139
41531262
582924923
676668172
456940081
185264949
339019625
457866647
176386457
629417668
198999357
696741185
915364484
220174898
85999130
726045453
268465271
893760981
664155795
934240189
505776333
216772260
993740778
533227871
659462283
726205333
62848153
800666961
841996364
218517232
941139279
343746352
484657819
876449883
561664339
253748938
81725606
215249953
115395706
72756530
634157271
927848000
455805892
154398141
282160201
71438596
699852189
110862804
633467399
834402193
460035187
40540451
287067188
856688275
132197091
255069745
300532646
37739796
655538771
83074267
923465603
918675557
863590129
530213147
194602650
884677533
841528627
4051941
230991785
168642115
94857963
197402066
537431642
40901202
433062608
848897820
665138004
603905797
594286897
365068673
170408585
657750613
680634139
127236290
31748663
578060168
114679996
140697363
10195247
306036553
674564103
189355629
796546641
463435541
328917846
467337381
23201333
785134082
214813939
293950599
135689170
854292167
766291301
512737559
464522259
408074255
616821435
