800
9172 9390
2320 3305
7786 7931
3666 4974
602 6923
5542 9414
2441 3330
1901 4866
4933 9452
5183 5559
1099 8089
2739 7626
2999 3451
8042 8355
7460 9565
7531 8625
6467 6529
5235 8356
6970 8660
1095 8148
8121 9365
9009 9574
9757 9972
8253 9200
6414 8483
9906 9921
9855 9986
1811 3966
5321 7052
6828 8816
5364 5857
9237 9738
7461 7515
5207 8939
7793 9999
2461 3712
2122 4522
4110 4925
105 9125
2075 6795
6462 8202
9903 9960
4087 9201
8488 8796
7465 9442
3969 9136
8717 9776
7725 9660
4507 6532
7411 9541
2938 5247
9002 9655
8956 9714
8040 8138
8539 9588
6348 8579
8719 9794
4457 9657
2755 7339
9622 9871
9005 9518
8053 9559
6364 6582
6544 7028
6215 7832
5980 6443
5089 7864
1759 6604
1077 6112
1673 4203
6966 8472
8620 9620
8223 8814
2899 5680
6116 7362
1802 4158
3879 9761
6854 9935
8151 9116
2890 8926
3286 6821
1644 7516
778 3040
7091 8649
672 4888
2416 3628
2486 4070
7496 8024
2457 9424
7679 9415
440 6065
4799 5563
1133 2247
9056 9505
2465 5225
7987 9063
9667 9875
6556 8760
9840 9900
2997 9419
8555 9205
7848 8624
7587 8579
1047 8193
1292 8909
2476 2721
6351 8081
2937 3534
3629 5731
7055 8785
6584 8545
310 7237
3307 5334
7362 9521
1097 9294
3014 7492
8624 9033
2085 8734
2435 6898
3908 9008
1316 3705
8746 9343
3011 3975
7413 8410
6106 9045
564 2345
1229 6749
533 8676
4358 7372
5182 6564
6420 9275
9972 9977
6828 8859
6611 9324
9640 9941
4745 5357
949 5041
9433 9684
5656 6413
2006 5716
445 5424
3739 7198
3015 5342
5250 7657
4698 4838
7455 8991
5045 6179
7328 7338
9784 9824
6796 8297
1696 2907
1630 8522
6707 7491
8583 9739
8356 9909
7198 7414
2085 9755
6839 7683
420 6063
9095 9176
9570 9639
1740 9959
8726 8884
7260 9976
9557 9620
9527 9817
1495 1961
1278 8928
8315 9646
5317 6132
6834 9572
4428 8389
3449 9500
2011 2718
1451 9232
9174 9257
5878 7606
8895 9154
6578 9214
8043 9011
7936 9244
5403 6425
6974 7909
6202 9565
4202 8814
6884 7777
75 5431
1855 2225
1374 2158
4486 7811
311 6943
6910 9379
4880 6923
4938 9704
507 3874
233 4701
2805 5507
7493 8983
2304 6773
6354 8581
8448 8602
4032 7420
1145 3005
5605 9426
1543 8647
3204 5052
4902 5331
8321 8668
8754 9340
1219 9946
4848 7124
4591 5410
8813 9212
766 9065
5008 5416
9863 9979
3647 9428
2370 4541
1557 2623
1197 9315
9186 9506
2103 7113
2125 9947
9546 9615
8678 9029
6531 7884
4782 6030
1249 2753
7661 8523
7682 8141
5651 9493
3124 8541
5110 5319
8300 8535
9178 9225
212 4141
5718 7414
6005 7796
4939 5901
5331 9593
7342 7742
8043 8455
2775 4230
1625 6007
5537 7902
8716 8763
3524 7015
9525 9868
4636 6235
8469 9383
7666 7908
8346 9042
3505 8738
4460 8414
5460 8159
179 1092
7602 8489
9452 9817
9010 9511
545 9814
5958 9818
3248 8388
8859 9899
2452 6445
6248 7902
6617 7457
8447 9194
8476 8794
5109 9004
5406 9299
1125 5979
1433 1722
4580 7186
8988 9089
6384 9078
2835 9019
2932 7718
8959 9406
6316 7978
3585 5031
7214 7248
5106 9068
5714 9868
3001 8089
1765 8565
1214 3122
9901 9935
7770 8753
869 8912
368 3296
7554 8745
82 8601
9002 9764
6798 9051
395 9907
9940 9999
8134 8992
2351 5458
1122 2792
7011 9510
9731 9847
5245 9065
6988 8332
1965 3007
984 8513
6889 8990
4526 7759
2222 7210
6042 9538
7652 8724
2619 7669
8598 9315
7087 8080
4133 5060
9590 9855
4925 5582
2160 5489
2759 8836
2271 2446
5216 6591
9750 9861
1198 9156
86 9299
8529 8556
9428 9808
2301 4103
8227 9270
6375 7995
897 6874
5194 8664
3204 4303
1988 3131
174 3368
7747 9192
7572 9407
6158 8901
4333 9050
1363 6056
7752 7949
3267 4929
9997 9999
1260 5422
3354 8963
4602 5477
8376 9270
7228 8907
8573 8622
7310 9052
6842 7337
8574 9672
9779 9852
3726 4667
2505 9129
7344 9331
9149 9389
9610 9828
3055 4826
6993 8682
1694 9277
6376 7201
7453 8651
3608 7648
3321 4025
7912 8484
146 679
7499 9348
7963 9987
1082 8134
4511 5655
2045 9830
7069 9943
126 6362
8518 9896
6111 6761
8627 9444
9187 9411
9392 9743
4601 5984
7599 8392
2157 9334
4831 5471
6589 8683
4526 9026
104 6407
3960 6193
9272 9598
8936 8963
1296 9374
5971 9649
1613 7236
577 8754
8803 9180
6853 8631
2484 7546
6736 8106
3539 9216
4384 4679
4227 6592
5658 9599
5714 6645
4210 8312
6563 7417
1883 3779
785 6835
6064 8980
6309 9827
446 3435
5287 6392
9161 9288
6504 7045
8925 9195
3623 9668
1511 6720
559 1560
8487 9028
2172 6568
2213 6577
8956 9784
6375 7908
3331 8434
5245 6939
3514 6095
4242 8266
2917 6090
2052 7591
8947 9300
7296 7429
2500 3868
7313 7697
9270 9453
9921 9987
3898 5070
9611 9828
709 6716
9838 10000
9634 9859
841 5316
748 8575
4227 9643
1933 6846
5607 5732
8927 9297
4559 5699
3773 7466
6717 8409
6695 9150
1260 2238
2304 6578
1250 6001
8054 9689
7537 9175
2869 7734
6237 7762
2396 2548
8519 9739
4730 7976
7624 8843
3429 7107
6319 6334
1114 4196
7566 9099
9977 9978
316 7747
6256 8151
3718 8206
385 6014
7914 9175
1617 4138
513 7831
997 8780
6064 7807
9326 9512
7693 8568
8110 9996
5851 6834
3959 5097
965 9711
8602 9606
6809 6857
4144 8759
4215 4917
1913 4352
9227 9448
8198 9926
1893 7587
20 8054
2075 4634
5037 6402
2987 6240
4425 8828
6707 6899
8894 9889
1730 2182
3367 5619
440 2425
7814 9485
4502 8622
5151 6898
2409 6870
4142 6768
7909 8541
6346 6848
2374 9248
94 8630
7216 7547
5229 8774
4398 7143
7945 9260
2658 6273
7166 7952
354 565
6526 8499
9763 9976
7007 9473
2410 9830
3535 4122
5295 8200
2724 3496
3847 7104
7692 7740
181 2204
6579 9030
7263 8395
2079 5487
7424 9855
2049 5959
7984 9232
8062 8887
333 2758
8888 9593
4336 6313
2058 8168
9364 9703
2101 2500
2806 5158
7172 7812
9204 9924
2798 3938
2551 9813
9494 9578
5482 8733
6678 7631
786 8502
9662 9926
6699 7766
5508 7278
563 7321
4972 5019
1493 8884
1206 6966
1764 7626
5836 8383
6792 7625
2050 4179
383 7903
3999 8972
7058 8158
7270 8989
6872 7071
5019 6004
7044 7230
9723 9944
1921 6616
9081 9300
4184 6047
4942 4956
3183 9622
1979 2349
8983 9424
8857 9444
3705 7754
8132 8650
1083 3474
7694 7713
1303 2565
8076 9773
765 3724
9877 9879
5247 8463
3404 5983
213 8663
6133 6303
3868 8588
2158 4971
3378 4929
3338 7027
7691 9560
9338 9783
4779 8043
7463 8512
8143 9998
4573 8348
5876 8452
267 9974
7590 7591
4317 9305
4456 7257
8309 8369
8721 8982
3186 6847
3569 8696
4544 9769
4675 4968
4198 4869
6111 8084
738 8476
5193 8389
3077 6705
9615 9672
4879 7757
372 7977
4934 5685
274 3037
978 7153
6978 8190
7302 9037
8250 9731
3294 7352
3714 7368
9753 9809
8721 9626
8860 9851
4813 5360
8285 8449
5431 7211
6291 9910
40 6150
6946 7909
2264 2858
5844 7003
7486 9469
7581 7585
2082 3894
4378 6260
8230 9042
7061 9611
2641 4628
6993 9641
6975 7203
9654 9813
1270 9261
1091 5944
7376 8683
8991 9998
7650 8622
8165 9479
539 9031
6854 9587
6953 9279
6555 8342
9816 9916
1773 7857
9165 9536
7418 7701
4681 8006
7486 7540
6333 9176
3502 4469
6922 9722
1158 4653
1593 6749
2904 5788
4788 5230
9834 9982
6463 7181
7289 9565
6776 8363
4040 6689
7133 9448
5123 6099
7837 9170
5464 6206
9838 9947
8827 9946
5314 6533
6820 7009
9954 9983
5744 7032
7388 8250
3357 6677
7724 8333
5889 6315
6080 6477
4449 6096
5856 6408
4955 5031
5868 9904
6273 8054
7450 8611
9562 9964
7977 8640
9681 9890
8369 8866
2714 8321
3444 7285
6680 8801
1427 4017
927 8192
3809 4129
5578 6701
96 9078
1085 1844
3798 6029
7478 8522
2533 3105
436 6338
7008 9815
7495 7804
8517 8536
8289 9491
6251 8218
5187 7592
3544 4752
8287 8428
6926 9031
4352 9101
7062 9137
1756 9114
3422 8512
3362 9198
1167 9129
3311 9001
1060 9983
4326 5899
6631 7615
771 4319
5610 8698
5489 5563
2904 8231
7016 8211
5909 8827
6734 6991
575 5091
5058 8264
818 3264
1981 4430
1618 2301
8191 9077
1986 9670
8711 9578
8880 9423
6740 7286
8557 9549
4311 8244
2439 6075
1534 4570
6219 8520
386 5756
8092 9567
2049 3959
809 1122
7731 8060
5932 8542
1304 4870
3501 6062
5269 7449
4223 4272
9139 9686
7133 7666
1384 5103
7618 9559
5431 7044
7308 7841
5264 7721
7589 8782
1217 7594
3278 9862
4792 9819
825 3578
2308 8108
1384 6446
768 6707
9213 9532
9898 9923
4016 7361
1840 3159
5019 5897
6995 7817
4383 9412
9742 9813
3095 9879
7695 8654
6973 8682
1358 5870
1746 8091
8396 9971
5699 5702
650 6924
4603 8686
4230 7474
1562 8843
8678 9446
8423 9636
3072 6231
7273 9100
2884 3661
7176 9790
9852 9887
8879 9954
5384 5885
