1000
5754 6085
4146 9259
4846 8876
1504 9304
8409 9449
325 2923
3248 9011
329 9739
2744 4705
5866 6834
6373 9126
2338 6934
6381 7659
2721 7956
8209 9769
2682 6504
4209 8674
6495 8555
1994 4253
1985 2534
4180 7490
5606 9635
1712 9238
6537 7974
9907 9997
7700 9227
4733 7945
3892 7651
6473 8823
2419 4495
2554 4969
3000 9218
854 6570
2974 4743
7260 7640
9800 9839
4845 7736
6365 6651
324 1622
9863 9960
7093 9095
2452 3230
9857 9997
5563 7576
3178 6214
5221 9529
1480 9940
1037 6312
4738 5861
7335 9473
7889 9052
1090 6098
2887 3374
2267 6217
793 3266
4995 5065
1811 3022
9237 9791
3478 8929
7374 9170
5937 9365
9003 9608
6099 9102
6117 6412
3950 4894
3111 9222
2168 4036
6824 8110
4935 7370
4101 9754
628 4546
6789 9932
4856 7480
279 8363
7881 8042
7553 7800
7443 8782
8444 8533
4328 4532
6793 8979
8523 9718
4697 9906
446 3867
6737 9077
5888 6256
2947 9011
6837 8083
965 3796
9443 9467
6313 8023
2068 5038
7554 8650
5406 5440
316 8404
5106 5873
1184 6937
3108 7861
1576 2441
4066 9327
9118 9718
1081 1912
4519 7142
5518 6145
7295 9410
8077 9377
1780 1962
1095 2596
7157 7486
1018 4341
4247 5548
2565 9883
6639 8175
557 7590
5700 5920
6174 8298
3252 6853
7937 9257
3883 5940
5165 8463
4728 6467
263 5839
7737 9566
856 3023
8846 9704
3425 4233
266 9148
2016 2206
7637 8418
9351 9470
3870 6566
8812 9174
9443 9924
8005 8314
9987 9990
8338 9448
1118 9086
1796 9159
9606 9994
6272 6872
9022 9744
6681 9677
6826 9485
3988 6967
1533 3426
2969 9543
2102 5457
540 9481
5977 7221
4699 9225
515 3315
5682 6279
4767 8950
8452 8965
4556 9926
2331 6416
2824 7049
2223 3578
70 3375
8056 9103
9533 9835
2935 4322
6084 7459
5666 6871
1779 8106
4337 8150
7046 8571
7757 9783
1803 5844
7131 7522
3299 4963
8032 9873
8062 9587
3869 6844
244 9590
915 5905
725 3226
945 4117
4 9678
9090 9672
7745 9568
184 6238
3793 9431
9894 9935
1895 2995
6161 9923
2870 5153
1833 7407
1220 1289
4218 4646
7807 9745
2736 6862
1179 3525
7118 7701
6875 7232
3359 4869
4926 5256
1974 7167
4153 4584
8806 9740
5932 6014
6419 7531
6856 8743
6117 8017
2167 6718
4828 7390
3894 7477
4937 8581
6438 6707
1770 8566
8868 9427
5496 6601
2364 6187
9658 9921
6870 7602
3255 7442
8786 9622
4650 7846
9295 9688
7917 8316
8578 9174
4842 6653
5854 9579
3511 8790
4257 7540
5049 5212
3100 3592
8633 9065
4655 7780
4733 5634
1501 3742
2120 5700
7667 8969
4272 4377
4962 7822
3405 6200
3805 7150
2953 4060
582 6115
4794 8554
1063 3687
1346 1545
378 426
8487 8580
8449 9377
3312 4509
933 3931
2899 8021
823 4103
5957 8595
8738 9105
9614 9873
6590 8579
2094 7873
8359 8623
3833 4988
2854 4338
2064 5841
9207 9527
8832 8931
128 8257
4032 9771
3837 8623
7274 9268
5844 9254
970 1650
6813 8614
4531 7294
106 583
1434 2224
8800 9479
9655 9685
8160 9889
4450 4944
2234 2611
5404 9661
8745 9150
854 6519
5580 9158
70 6678
4815 7661
1492 7833
533 4649
7909 8881
4784 8645
7926 9209
2787 8612
9624 9715
3894 9545
2910 7107
2490 2945
7739 9367
1393 5929
7861 9633
26 7383
9762 9929
5434 6789
8038 8799
4675 8799
8760 9863
9871 9982
5279 8798
9561 9902
3131 5824
4979 8535
9946 9998
1792 8510
6339 8845
3239 7436
5744 8453
2764 5724
2810 5116
1521 7980
6998 7288
9197 9337
8838 9025
8905 9986
5574 9626
1244 5203
410 7219
910 1005
9971 9984
3421 6125
3032 4203
1506 4660
6630 8299
8679 8719
1581 5733
5184 6072
6977 9059
2424 3693
2204 8320
3383 9580
302 4228
6152 7531
137 6158
7347 9907
5537 9466
2384 5963
3416 5942
9358 9917
3248 8657
9120 9387
7712 9975
4314 5464
5416 5608
9407 9471
7790 9765
6628 7900
7561 9470
3331 4240
2607 9101
3110 7872
7041 8637
1453 2841
4408 9044
2466 3671
5348 8057
6892 8653
9034 9848
6914 6991
257 4854
1797 3067
98 6215
1309 3662
709 8725
6706 7280
858 5221
5629 9344
5315 9960
2694 6239
7410 8493
1775 3969
9195 9341
4610 4683
6211 6751
5036 9671
9212 9835
6106 9304
7932 8759
8932 9041
4369 7809
922 3210
1662 4829
1925 8848
9313 9929
8280 9226
4431 8462
4718 8319
1139 8692
2272 9216
4205 4722
2379 5229
1718 7121
4619 5066
2887 5947
9663 9862
5204 8497
3489 7509
942 2282
8627 9660
4648 5155
58 4108
9510 9992
8013 9350
6229 9146
3171 8931
4230 4814
5915 6413
7635 8695
7274 8260
1704 7784
1790 2830
5068 6256
4169 7181
5724 9187
8207 9191
9558 9954
7033 9073
2479 2747
261 7349
2968 3125
2710 7479
3376 4447
920 7388
9795 9906
2510 6655
6635 7645
1613 2431
625 9711
9136 9753
8833 9942
8767 9471
6367 7584
7347 9339
5784 9366
5489 9560
2115 6866
2888 9449
279 957
7185 8368
749 5480
24 5852
9191 9260
2928 6787
7985 9695
3495 3747
9444 9912
8046 9656
4516 8830
9091 9697
6905 7127
48 7634
5613 7093
1471 7614
4718 6473
5967 7169
5234 6862
6899 7313
8671 9340
5752 8585
2698 3682
8956 9955
4375 5726
3454 9355
4534 4903
2215 8631
8110 9599
4204 7842
5298 7973
4418 5213
6069 6172
9393 9503
8311 9985
6170 7663
1097 1991
6363 9328
5835 6252
9099 9145
7250 9929
9883 9923
2 6066
9125 9503
4452 8478
1555 4224
3165 8603
3907 7300
5189 5999
7930 9100
8505 8862
8296 9304
4115 9888
8308 8421
931 5662
4538 9148
3640 8724
8619 9175
7424 9452
8935 9790
2864 6569
548 9464
4874 5665
8215 9100
2900 9760
2776 3629
1616 7780
1366 3168
9783 9974
2086 4569
9039 9515
4601 6157
424 6095
4939 9431
3523 3912
4809 5384
2763 8765
5013 8336
2859 5348
8984 9184
8430 8630
5813 8947
4330 8888
6620 8259
8577 9017
8952 9699
7947 7961
6751 9818
370 9045
6357 6501
9382 9991
3641 4202
5232 6069
211 680
7735 8819
2701 3000
3824 5998
4290 9930
5769 6258
5328 9150
2834 9128
1920 4653
9758 9974
7631 7642
3357 7977
2321 8796
4772 8342
7251 8219
8237 8909
6504 9750
7930 9287
9429 9917
9325 9633
8764 9276
4908 5590
1044 2972
5041 7777
7083 9234
6924 8956
9209 9724
889 9362
6844 8171
3021 5204
3536 7697
2415 6929
4838 6905
5999 8728
4081 6807
2289 3973
383 6038
1432 3533
2304 8197
9716 9831
4720 9783
2831 3566
2707 3709
965 1911
3668 5550
5370 8410
4531 7736
8838 9970
5812 7243
9415 9515
2929 8684
2726 7985
5844 8191
5179 9428
8181 8758
6242 8476
8884 9847
7536 8237
3976 7491
3100 9071
6343 7089
4020 9024
8095 9851
2877 4994
8623 9042
5190 7348
8187 9665
3054 3157
1885 3480
1711 7694
7980 8454
7407 7661
342 7830
1398 8325
1020 8568
5356 7993
5362 6284
3569 6111
9069 9601
7602 8673
6224 7660
3805 9086
2978 7222
6614 9874
8538 8591
3606 9571
1788 6786
3396 4092
5464 8737
9151 9408
7682 7824
6862 9573
6962 9303
7125 9285
7971 9809
8589 9503
92 6104
3638 7342
1328 9057
7206 7311
9996 9997
5670 6592
7501 7940
7243 9052
3923 8740
1289 1451
1003 8827
835 1414
596 8328
228 1069
6429 10000
892 7463
5521 7158
8146 9593
1507 3027
1260 2483
1043 8044
6103 8103
9418 9707
4732 7650
1584 7106
7277 8728
9664 9824
178 8923
2510 6747
9424 9827
9593 9726
2239 9918
4803 9198
951 7857
3016 7836
7261 7433
9363 9424
5940 6333
388 5617
4074 4095
2593 4373
2383 8414
5023 9421
2968 8211
5206 7930
8631 9916
1873 9264
8465 8816
3801 7557
4312 6788
2819 7589
2648 2879
9576 9983
5157 6088
1404 8184
796 9639
7680 9729
4814 6203
9437 9918
3783 9305
8357 9571
5853 6377
3948 6345
9066 9638
3758 8700
34 3269
2061 3542
9576 9720
2364 5433
997 6521
4795 4893
9783 9958
9547 9571
9500 9979
35 6104
9162 9560
7795 8662
7458 7789
8223 8312
9761 9914
631 6868
2498 5901
8309 9652
4271 6215
9463 9515
9360 9845
5009 5656
5894 6999
1976 6944
4403 8184
7367 8541
9379 9874
4849 6914
4941 8390
9541 9727
607 9559
4115 8946
1402 5892
9156 9701
1836 1841
1173 9211
1812 4621
1924 7259
2390 4530
6318 7122
8437 9774
8651 8806
1274 7668
6529 9793
7079 9745
2819 3176
7012 9154
5893 9563
8993 9866
402 1084
5632 6702
8474 9419
3418 3531
8365 8591
9851 9892
6584 9116
6181 7944
8055 9060
2850 9465
4191 5097
5845 6781
3364 3650
1149 2076
1804 6115
6722 7933
8970 9483
7058 7734
5218 6250
5378 6003
4021 6506
3119 9367
5351 9668
3963 7710
252 661
4383 7945
6159 7342
3972 8666
1425 8222
3993 9789
9568 9640
6297 7933
1239 3488
204 8967
718 1729
7954 9184
5326 6096
7803 9159
8847 9165
6869 7412
8808 9590
7806 9242
9368 9757
1748 7485
8722 9358
5922 8338
2440 3307
4929 7221
5806 9089
3225 9976
7455 9998
1218 5528
7443 8469
1912 5880
6919 8999
2145 3952
3899 8854
1835 6849
2407 7820
6647 6732
9199 9721
8931 9525
1524 1610
562 7968
2896 4260
6837 8796
2754 5243
5167 5712
3100 9406
8785 9731
4397 5858
1656 4912
1058 2227
5086 8182
975 7928
5356 9074
4329 8808
9465 9561
7470 9022
4258 4538
3195 8354
535 5147
2658 6200
9803 9953
3577 9633
2274 9938
81 1418
1943 7502
7557 9352
2254 4634
8805 8900
7935 7995
6635 9171
317 8595
9838 9948
3159 7328
5317 5667
4783 6484
8076 9389
6481 6595
7629 9497
5625 5718
1294 4147
2652 3317
126 5241
3 6211
8331 8597
6716 7015
5754 7141
140 2075
2630 9395
1291 9901
2050 5001
8035 9814
6053 8592
3705 5761
2258 8813
492 2061
4379 5733
4974 6037
9141 9292
2039 9518
2419 5030
2848 6865
8506 9955
2713 4095
4707 7314
7533 7674
8341 8672
9741 9894
8826 9912
6749 7774
9442 9616
8451 8878
3664 9909
2921 9266
5464 9022
8237 9599
3946 8380
8397 8572
1262 9019
8370 9391
9393 9995
5443 7344
7479 7662
2459 4638
8994 9765
3803 4854
7809 8953
6238 8181
4925 5727
283 3405
2099 2924
8478 8970
9084 9538
779 8187
2079 9243
6145 9086
4074 7953
5324 9594
5869 7293
7227 8335
6892 9998
8042 9718
1362 1417
3770 8808
2538 3344
4268 6843
7290 9361
4297 7832
8414 8821
2549 6720
6042 6144
223 8499
5148 9021
7032 9509
3239 3330
835 8313
7434 7761
7900 9974
367 6000
6263 8256
3371 9186
326 992
8831 8985
463 4384
3150 9571
1471 3065
9369 9722
5775 5788
2531 9057
8078 9538
9035 9726
6459 7730
8930 9897
4766 9828
6303 8754
9462 9488
134 9767
3478 6225
6785 9059
8542 8666
2769 9240
681 4203
7145 9412
3880 8076
3120 3261
9873 9929
505 8035
6068 8964
6813 8270
4727 6203
4233 5517
3930 5810
4583 6730
6341 8176
3151 4550
364 4737
7583 9574
9559 9977
7717 8435
8777 9846
8639 9843
6450 8629
9269 9903
6795 9118
4011 7442
1583 4439
9587 9813
4911 9602
7994 9164
1390 3717
1189 1640
192 3615
9877 9989
2660 5630
4569 7218
1965 8520
4439 9451
1065 3639
4105 8600
5958 7049
9792 9826
2758 6266
6753 8557
8865 9920
8379 9919
5359 6927
4757 4878
5111 8173
4459 8710
8261 9962
9436 9935
4872 5183
8356 9542
124 876
9904 9993
2994 6095
1686 4104
