100
856 870
425 453
267 849
190 221
760 764
99 463
323 940
631 785
74 98
16 569
628 909
856 895
890 921
474 705
134 759
423 808
931 964
534 582
685 826
391 757
864 985
683 686
890 949
791 914
309 808
386 524
639 916
603 619
706 990
636 649
519 887
441 766
420 681
20 216
532 563
625 967
21 36
895 922
206 967
927 994
611 928
504 949
993 998
541 936
801 802
570 841
154 917
605 896
151 800
276 909
827 848
988 991
635 674
928 993
803 972
50 483
97 564
708 872
507 666
735 964
325 450
883 891
587 972
931 933
776 778
675 823
427 536
311 990
34 216
713 923
599 725
922 993
390 474
132 352
562 713
843 899
283 293
671 706
193 476
714 758
56 264
898 951
115 716
176 515
116 934
969 991
563 998
780 903
864 976
51 357
819 857
633 692
109 174
594 975
549 608
972 998
865 942
758 1000
955 973
248 513
