500
898 2499
2513 4596
628 4218
5080 6916
1820 5209
3190 4366
3732 5322
417 8172
878 1027
2290 8986
1389 1778
1889 3971
5589 6649
9900 9938
9616 9930
514 955
5902 9370
1212 6356
5182 5899
1754 8316
1559 5540
4043 6524
5144 7585
9453 9501
7616 9413
5511 7046
6658 7915
6127 7304
7320 7724
748 2370
9060 9513
3390 4504
4401 7454
7486 9946
1511 8659
2224 7442
6199 8169
6488 8999
377 5440
4813 7920
2203 8395
9946 9971
5262 9606
3762 4540
597 9256
4681 8649
7622 9468
2836 9177
2903 7784
1803 2342
5971 7299
6916 6998
587 3152
2265 3732
4135 6040
3324 7216
3636 6149
4227 4589
2991 6268
8571 9199
8126 9577
8770 9340
2951 3618
4141 7705
7572 9996
1134 8923
183 4090
5205 6397
6681 8900
2049 8346
419 1853
9640 9964
5888 7567
7315 7596
2514 6251
2380 6750
8210 9103
648 1081
5063 9523
9974 9996
4201 4205
3034 7069
7970 9042
2325 8400
931 2118
1805 4892
4321 5614
6640 7593
4215 6681
8488 9120
2529 7959
1291 4292
7884 9624
4723 9015
5885 7254
4031 7136
6986 8164
3029 5598
7658 8509
9861 9917
9934 9938
6991 8787
5436 8424
6392 9834
4075 6300
5758 9779
7157 7266
3757 7968
4510 8003
4920 6202
6958 7510
6175 9816
585 5607
754 5689
5505 9939
4669 5159
7543 9134
4879 9591
4411 5552
2323 3784
5741 6766
4977 9287
3402 8121
9436 9656
9763 9858
7294 9343
3557 7635
7728 9980
4316 9741
6493 9826
6413 8795
5506 9415
6869 8925
8154 8996
6606 6954
7868 8216
4400 4669
6741 9553
2564 9456
3506 9480
1364 8418
1396 5054
1431 3423
6636 9807
3989 9391
6585 9627
6479 9545
9840 9949
2797 2806
6327 6710
285 4535
4192 5968
8653 9199
5164 6886
274 9985
4511 4549
3959 5702
4315 8777
8007 8648
9932 9933
595 3472
6981 9502
1938 2542
7994 8416
324 1727
8932 9340
7952 8962
1230 1852
1263 3399
2531 3958
526 9946
8261 8982
6120 8915
713 5522
1127 5247
6434 9607
9299 9417
9756 9879
5617 9967
1510 3387
8202 8934
3716 6474
3452 5008
1761 8344
1126 1180
1107 1329
6438 9677
9581 9818
6848 8755
1649 3718
9330 9662
2312 6236
3782 7757
3086 8092
7088 7867
8311 9634
4994 8214
4796 9636
2473 8760
2651 3131
1490 2193
1458 4593
6127 9272
519 4713
579 5512
3228 5271
6434 8843
6599 6957
1736 7439
5712 7714
9565 9656
7746 8681
7062 9270
6951 8016
6115 6713
227 478
3945 4624
1346 9708
3959 6832
3493 4347
5081 6618
4851 7330
6099 6203
4150 5622
1137 1750
6737 8679
9062 9723
9489 9492
4101 6143
9532 9554
5024 8812
7289 7514
1025 2394
7885 8996
8961 9803
907 5569
2440 9692
8150 8210
3425 5186
1678 5219
9257 9573
1423 6125
3154 5686
7212 8434
9634 9866
46 2278
6128 9433
420 9593
5078 7393
4306 7577
5632 6316
6300 8871
9007 9068
8045 9119
236 1188
3838 8577
4385 5600
8136 8564
7772 9094
6349 8529
5185 7548
794 8853
1871 9721
4552 7110
6097 8198
8721 9011
3374 7519
6908 7592
7600 8749
8060 9735
7765 8010
1143 4367
7708 7998
3616 7553
8761 8895
2926 6413
1739 8864
9143 9638
2343 6685
6822 8070
8876 9446
6138 7425
7452 8182
9287 9502
3897 4139
1393 3854
9036 9496
7207 9296
7201 7304
1485 6715
6830 9994
3827 6106
8737 9215
2230 7817
6322 9944
2488 7032
6457 7276
69 6715
3320 9603
1962 3572
3536 6426
6722 8360
4472 9016
1848 5705
4621 4926
7546 8684
6189 9325
386 1171
3437 6004
5376 7580
8757 9047
5897 9057
1618 8724
8511 9733
5171 9000
6650 7562
2946 7586
6031 8702
3746 7347
1787 8512
5842 7346
2775 6497
979 5279
453 3180
3247 7694
120 1824
9697 9712
3551 6406
7142 7248
4524 9534
70 8220
3175 8828
7833 9344
4851 5736
4234 6659
921 2584
3215 8855
8308 8672
9595 9855
2483 9360
9558 9792
1221 5294
7056 9288
8193 8414
9614 9931
6301 7447
3304 7498
5239 7059
7798 7831
5759 8564
129 2087
8207 8686
6851 7682
3376 7955
4604 4942
3007 4438
4780 6553
6048 7508
5349 6699
7590 9888
9671 9705
358 8639
4919 7469
5339 6546
8005 8653
5847 6466
5825 7823
1149 3204
8721 9447
358 6899
9046 9943
2806 5792
649 7594
4656 8578
6367 8082
5725 8913
5129 5910
6969 8723
9996 10000
3127 8317
1909 7645
9912 9942
1404 2039
365 3291
6404 8070
956 4867
1908 3541
7068 8208
2270 8994
3180 3658
9459 9864
8751 9119
2787 7540
8602 8671
581 8635
7838 8615
8070 9127
2410 4954
3036 5989
4833 8189
8668 9486
4454 4934
3225 9679
5320 9599
1379 4148
3874 5669
3401 7687
1145 3912
1132 4616
3687 4872
7268 7450
989 7905
8204 8994
8470 9419
4653 5881
2696 7167
5260 7068
124 1369
4728 4770
9261 9990
904 6999
1578 6497
9709 9811
6448 8432
5734 7359
4141 8729
7277 9001
9261 9734
2997 8250
6093 7134
7310 9893
7944 8075
1063 4516
6285 7002
2921 3146
3947 5390
7751 9006
5177 5864
5472 8430
8530 9068
5488 7681
7535 9016
4024 6112
8440 9891
7436 7964
5085 8666
2752 6789
9217 9802
2706 7381
341 7189
7793 8530
1262 8469
6244 8533
9151 9766
6405 8939
3549 8196
4285 9471
9445 9819
3965 7509
5221 7950
2720 4140
4489 9365
6393 6834
1945 5445
4324 5707
1125 2594
2952 4794
6632 7618
8125 9925
2925 3191
5086 8965
4332 7792
4054 4743
9496 9763
2809 5019
4029 9373
5640 9722
5955 7038
7070 8534
8672 9480
7083 9503
8842 9601
6695 7531
5910 9220
2846 5264
576 5424
2059 2217
5720 8031
4028 8661
5875 8256
6359 7359
4648 4990
253 8819
4183 7074
833 8588
1322 7327
1650 2465
9125 9460
667 880
9084 9775
