100 100
-536 518 -177 138 474 48 364 -855 114 939 -437 -932 445 -595 -234 -612 -604 197 462 737 114 -303 338 -161 -689 768 273 -33 -901 606 -436 -871 46 543 -306 -598 -585 -592 957 -906 258 998 -746 171 -855 3 216 89 516 158 -713 -758 -276 -307 328 3 -126 -228 303 -634 869 -808 -150 -777 -602 900 246 -393 -628 637 -366 99 815 -85 -926 137 495 -516 -711 570 -490 -674 666 -870 457 -471 -620 -570 -422 -279 -524 198 14 -790 986 455 -641 -365 183 397
6
98
85
91
86
82
22
50
22
32
99
20
51
66
49
65
28
99
29
30
96
75
19
30
62
70
57
2
38
44
48
9
85
53
49
30
30
77
69
31
63
77
44
72
52
65
86
81
20
40
93
14
46
1
62
97
13
15
20
42
55
19
45
3
63
38
97
16
73
25
95
91
99
6
50
67
39
45
30
27
97
62
24
90
58
16
18
61
100
59
40
15
8
10
31
54
34
52
73
73
