500 500
569094 -57508 -22305 -87300 -180834 665767 865431 359268 -915395 294792 532782 724427 885872 655856 94138 859085 -744481 -315388 25327 574374 -758992 -823052 3704 459141 -19700 -911476 -448197 -682116 -734523 -601318 -611893 532004 -181142 92455 293181 647512 130391 490398 897943 962337 375734 215961 155568 464511 415931 1981 705044 -287393 -844706 199582 118095 -929457 -238867 744732 445328 519863 -348109 356114 810481 827423 -122421 -579580 -256891 673279 882138 -729360 -518303 -63693 -716798 433361 335543 -222704 -334611 814390 -952695 -342232 639716 -374055 716577 -648981 470695 233378 442274 -154209 645116 -812886 -169920 27064 511453 173266 240389 557424 866493 600339 -30382 318043 -924679 -47281 -492911 -50056 144417 -745629 -708447 -478962 647486 11927 985870 685486 -547991 -428918 299551 350678 749575 861021 874582 88181 632717 -728843 132188 599285 -327900 459263 639330 745082 -705068 176853 -624276 891749 -639178 -433279 811028 219897 -370433 -27658 105238 368274 699177 -636451 -980246 -906091 509569 -949968 -997296 -424559 -396422 -643356 401087 979255 787122 -491322 -288856 -272222 -739598 351610 -845472 957317 33090 -190635 -522984 -430117 -508748 -359017 -839286 -901209 538662 -838875 -126981 -87236 424821 -153084 -857386 558699 854281 -973116 -895409 157778 587305 -999560 -557363 -224896 80293 -653985 512965 -143203 -954576 205983 834110 151139 994608 981981 -465521 -61365 -351843 687123 -818433 678557 509804 -483404 842324 708750 788741 92844 293537 836471 126875 -405525 490126 875939 -952481 152665 646889 807210 360826 216987 21427 654695 -751337 211664 272619 -654957 -843597 22888 -192815 -191596 548775 362029 715437 -580817 -615769 -48699 -433820 -936828 12540 12976 92490 -510801 737281 -694905 -38740 788214 19109 -217663 51861 -828978 391711 16621 356744 -435926 -754242 -861038 182842 337139 -790423 -681458 -362005 633970 -129639 -315652 9090 -720369 815097 -912238 -424921 -629375 768378 388697 452792 -923052 824880 -521548 432027 -947690 -199989 348911 -692278 -603417 192352 -757974 -818676 385100 -881373 -70000 -897251 683815 -647580 786 171238 -915986 -629634 -575136 -609087 603726 351708 213486 -203814 -764424 917682 -478571 390869 845001 184011 24507 650270 473309 601637 284037 -643390 -274296 690415 718054 -681824 867883 30903 829768 590206 309754 -241350 -661673 -866702 456791 -942246 541035 706332 -214085 635293 766363 -184220 -911316 -212806 534131 -681556 399053 -481293 -827498 -127681 212585 54525 427046 992140 823011 290924 -75784 -150038 -4783 -590217 804471 156535 -908155 -149838 261589 -80012 -165449 943655 -469110 -218631 -431046 82232 -184792 -849909 616819 -80991 -813763 422205 -333322 -662793 -971925 125459 -871555 -717293 223232 -749556 -778996 903955 -97295 31422 793824 -454958 370919 203799 -817105 540400 -253796 -336413 995265 -434987 662650 120238 187103 -736166 -864816 -731990 41895 -571114 158623 -12174 412263 -717882 327802 45041 -67026 692319 -467729 -222525 757198 820570 -238753 133920 -186801 974566 -642907 -351707 -121095 -972665 -896814 537865 991569 -143541 -27306 -618311 -759363 53865 461669 422294 526816 465937 450803 679572 -171331 537169 192999 841021 165900 578850 -776921 -384653 -864510 -111329 321748 854868 -266586 -222104 381665 591379 -914210 228087 -464819 -285116 -696540 -501920 966578 740525 572598 715167 -64925 -7380 -779407 199445 178463 -438800 770394 855208 -393017 254531 -61168 643727 843827 -295867 -938181 -55783 -812550 277852 456861 691930 917315 -974699 579165 672123 147476 -285250 -678609 -980887 -448547 -167555 -469797 325465 -361720 -977994 690041 669580 195139 721357 820414 -567483 615013 -900315 990351 -882422 842311 -933187 988339
54 398
21 198
283 299
477 496
375 420
5 261
249 372
276 442
162 377
424 485
116 381
43 436
204 423
175 436
122 431
496 497
207 229
373 420
229 403
40 146
340 478
405 423
66 260
242 332
356 496
169 426
102 409
191 240
68 381
420 498
259 381
11 434
37 199
403 423
298 326
85 399
60 144
490 494
278 320
90 340
372 484
49 324
278 319
167 257
171 460
430 491
342 373
75 194
108 192
497 498
12 108
220 283
430 454
207 214
497 499
161 181
232 345
345 361
102 167
434 459
398 460
85 363
417 448
29 141
129 290
422 495
44 398
202 318
309 457
232 321
387 411
229 304
203 256
378 443
165 423
292 310
240 270
473 491
444 498
77 282
5 154
298 419
255 494
44 471
431 456
150 223
337 475
386 494
366 399
358 422
489 498
143 343
275 406
310 481
476 483
6 182
211 483
356 391
395 458
464 495
497 499
168 296
311 426
346 414
48 402
174 393
100 164
139 348
475 486
259 442
378 404
487 493
473 477
1 73
147 273
121 395
179 358
10 444
90 192
269 322
94 211
351 451
141 203
497 499
302 373
117 466
448 485
5 352
358 364
424 469
326 385
290 298
419 424
47 333
459 481
497 499
260 378
175 482
140 480
325 395
178 419
98 413
313 409
420 472
150 210
494 495
234 314
61 260
241 410
187 355
10 453
368 495
89 270
315 478
456 490
262 487
241 416
234 480
293 393
374 375
64 261
332 332
446 453
257 402
154 358
155 357
452 483
161 235
358 468
169 266
402 474
270 455
65 338
63 279
100 261
322 395
160 455
184 274
44 284
407 490
88 326
139 256
17 270
248 309
227 313
151 173
480 491
1 423
22 256
274 456
148 255
103 294
212 320
359 425
1 329
314 377
459 489
29 190
332 371
497 497
123 473
426 496
130 451
282 390
286 310
373 413
87 329
423 459
61 166
172 332
66 226
31 376
89 145
458 469
153 351
380 400
134 356
61 425
43 148
420 442
335 335
469 472
110 277
488 494
370 446
66 431
138 388
48 253
416 460
326 420
360 410
260 277
401 478
203 412
268 496
151 357
107 434
224 259
78 498
235 361
416 421
200 212
251 396
335 404
306 496
5 23
66 379
224 322
168 315
266 353
441 500
162 377
18 371
102 113
130 264
283 409
320 382
235 276
16 119
466 479
189 430
58 391
485 500
452 491
3 428
359 410
17 484
484 484
115 235
461 479
316 331
235 357
424 436
360 404
462 485
167 191
236 461
318 409
273 341
190 489
311 466
471 487
321 326
288 488
150 305
169 321
230 304
425 492
420 479
319 437
223 388
70 341
409 424
492 492
437 456
242 332
18 279
328 482
374 400
315 449
364 460
461 463
88 421
254 299
352 483
13 36
419 489
422 470
316 322
134 369
71 262
184 452
445 494
485 499
195 361
320 435
215 487
52 121
177 236
77 204
57 328
98 292
44 468
121 432
199 360
15 147
224 457
295 323
271 498
325 369
267 378
306 315
355 477
386 388
301 430
492 499
438 462
57 145
387 486
185 195
53 195
317 338
166 270
122 198
166 336
129 362
262 297
397 469
218 275
235 413
242 301
341 427
436 462
203 481
303 483
59 407
322 423
311 369
313 477
154 381
104 247
105 321
270 466
357 448
54 430
17 242
366 488
229 417
151 389
48 136
118 240
1 299
136 219
236 429
179 490
18 77
10 482
439 455
245 265
120 267
395 409
29 91
6 459
279 454
207 460
258 359
272 456
494 500
188 334
148 435
170 357
472 487
413 463
80 291
258 259
473 488
403 446
402 419
403 444
333 387
418 475
217 425
208 371
209 453
432 438
264 297
426 448
276 486
320 492
107 111
29 314
224 350
120 293
165 184
150 292
57 117
130 373
163 177
286 296
385 446
347 452
449 473
63 231
189 426
371 407
199 220
144 222
211 240
85 186
41 251
258 460
113 474
311 417
426 492
428 433
105 354
143 285
429 470
77 253
187 224
336 401
295 391
17 118
67 87
119 350
189 207
258 339
351 462
485 495
44 356
429 433
233 458
117 384
500 500
68 260
323 383
137 267
193 352
157 330
82 403
35 319
151 157
341 458
72 335
160 325
21 364
443 475
344 432
347 465
428 494
181 352
213 455
181 417
147 239
105 482
11 334
269 272
178 201
258 323
261 468
191 320
443 500
22 219
447 453
261 311
302 469
93 369
239 242
401 486
54 63
334 498
431 475
107 415
126 358
275 371
93 259
190 267
112 251
320 430
85 170
